-36574,0
-36340,0
-36031,0
-36155,0
-36808,0
-37512,0
-37797,0
-37601,0
-37303,0
-37370,0
-37821,0
-38243,0
-38274,0
-37954,0
-37612,0
-37506,0
-37554,0
-37467,0
-37122,0
-36664,0
-36368,0
-36336,0
-36314,0
-36071,0
-35682,0
-35404,0
-35470,0
-35817,0
-36138,0
-36186,0
-35944,0
-35709,0
-35849,0
-36346,0
-36855,0
-37055,0
-36828,0
-36434,0
-36366,0
-36789,0
-37340,0
-37533,0
-37203,0
-36642,0
-36389,0
-36624,0
-36978,0
-37031,0
-36660,0
-36195,0
-36084,0
-36316,0
-36560,0
-36579,0
-36394,0
-36317,0
-36566,0
-36861,0
-36813,0
-36445,0
-36130,0
-36238,0
-36727,0
-37148,0
-37143,0
-36758,0
-36398,0
-36508,0
-37024,0
-37421,0
-37311,0
-36739,0
-36193,0
-36110,0
-36381,0
-36544,0
-36256,0
-35681,0
-35315,0
-35443,0
-35860,0
-36114,0
-35991,0
-35692,0
-35621,0
-35961,0
-36505,0
-36906,0
-36966,0
-36853,0
-36941,0
-37319,0
-37655,0
-37705,0
-37541,0
-37311,0
-37229,0
-37316,0
-37317,0
-37079,0
-36615,0
-36213,0
-36200,0
-36477,0
-36694,0
-36579,0
-36176,0
-35854,0
-35951,0
-36421,0
-36797,0
-36679,0
-36161,0
-35721,0
-35806,0
-36280,0
-36588,0
-36512,0
-36277,0
-36268,0
-36603,0
-36971,0
-37121,0
-37026,0
-36876,0
-37017,0
-37395,0
-37608,0
-37479,0
-37148,0
-36968,0
-37198,0
-37610,0
-37744,0
-37404,0
-36857,0
-36579,0
-36795,0
-37294,0
-37565,0
-37282,0
-36699,0
-36407,0
-36729,0
-37341,0
-37619,0
-37308,0
-36722,0
-36407,0
-36574,0
-36904,0
-36954,0
-36599,0
-36108,0
-35876,0
-36028,0
-36256,0
-36202,0
-35879,0
-35609,0
-35674,0
-35907,0
-35932,0
-35725,0
-35510,0
-35597,0
-36045,0
-36492,0
-36673,0
-36580,0
-36447,0
-36618,0
-37111,0
-37627,0
-37853,0
-37685,0
-37337,0
-37200,0
-37461,0
-37826,0
-37889,0
-37553,0
-37053,0
-36785,0
-36884,0
-37071,0
-37013,0
-36592,0
-36089,0
-35930,0
-36104,0
-36321,0
-36384,0
-36226,0
-36037,0
-36070,0
-36265,0
-36436,0
-36474,0
-36399,0
-36432,0
-36687,0
-36931,0
-36892,0
-36597,0
-36308,0
-36326,0
-36705,0
-37110,0
-37140,0
-36687,0
-36149,0
-36131,0
-36680,0
-37230,0
-37271,0
-36835,0
-36420,0
-36464,0
-36910,0
-37328,0
-37375,0
-37114,0
-36897,0
-36934,0
-37102,0
-37131,0
-36934,0
-36688,0
-36597,0
-36705,0
-36772,0
-36593,0
-36319,0
-36161,0
-36255,0
-36551,0
-36747,0
-36638,0
-36294,0
-36004,0
-36040,0
-36391,0
-36801,0
-36903,0
-36587,0
-36178,0
-36049,0
-36328,0
-36768,0
-36922,0
-36640,0
-36189,0
-36056,0
-36427,0
-36910,0
-37075,0
-36860,0
-36587,0
-36662,0
-36992,0
-37165,0
-37001,0
-36644,0
-36462,0
-36625,0
-36864,0
-36834,0
-36496,0
-36193,0
-36276,0
-36712,0
-37115,0
-37092,0
-36685,0
-36336,0
-36436,0
-36902,0
-37206,0
-37000,0
-36452,0
-36078,0
-36259,0
-36733,0
-36940,0
-36619,0
-36056,0
-35886,0
-36288,0
-36839,0
-37093,0
-36902,0
-36594,0
-36648,0
-37100,0
-37570,0
-37692,0
-37501,0
-37346,0
-37462,0
-37713,0
-37754,0
-37462,0
-37063,0
-36882,0
-37038,0
-37299,0
-37320,0
-36980,0
-36507,0
-36326,0
-36606,0
-37060,0
-37232,0
-36876,0
-36219,0
-35768,0
-35840,0
-36292,0
-36567,0
-36303,0
-35690,0
-35276,0
-35478,0
-36038,0
-36384,0
-36340,0
-36176,0
-36282,0
-36720,0
-37158,0
-37305,0
-37213,0
-37197,0
-37498,0
-37908,0
-37955,0
-37495,0
-36906,0
-36665,0
-36794,0
-36938,0
-36762,0
-36204,0
-35611,0
-35450,0
-35836,0
-36357,0
-36495,0
-36252,0
-36034,0
-36202,0
-36745,0
-37231,0
-37311,0
-37018,0
-36686,0
-36657,0
-36897,0
-37051,0
-36885,0
-36502,0
-36103,0
-35838,0
-35766,0
-35709,0
-35505,0
-35202,0
-34996,0
-35079,0
-35300,0
-35431,0
-35480,0
-35518,0
-35702,0
-36064,0
-36429,0
-36666,0
-36680,0
-36624,0
-36791,0
-37228,0
-37726,0
-37901,0
-37685,0
-37428,0
-37442,0
-37842,0
-38300,0
-38274,0
-37715,0
-37093,0
-36890,0
-37081,0
-37233,0
-36986,0
-36392,0
-35913,0
-35883,0
-36123,0
-36279,0
-36216,0
-36045,0
-36053,0
-36362,0
-36730,0
-36921,0
-36931,0
-36977,0
-37255,0
-37673,0
-37985,0
-37976,0
-37679,0
-37378,0
-37368,0
-37634,0
-37785,0
-37518,0
-36884,0
-36285,0
-36190,0
-36535,0
-36873,0
-36820,0
-36333,0
-35922,0
-36045,0
-36548,0
-36992,0
-37038,0
-36736,0
-36508,0
-36681,0
-37093,0
-37344,0
-37322,0
-37149,0
-37110,0
-37339,0
-37508,0
-37377,0
-36983,0
-36569,0
-36502,0
-36713,0
-36764,0
-36429,0
-35854,0
-35451,0
-35537,0
-35978,0
-36344,0
-36267,0
-35838,0
-35571,0
-35773,0
-36330,0
-36825,0
-36857,0
-36510,0
-36308,0
-36641,0
-37297,0
-37728,0
-37688,0
-37387,0
-37249,0
-37485,0
-37808,0
-37808,0
-37416,0
-36974,0
-36902,0
-37096,0
-37111,0
-36752,0
-36156,0
-35773,0
-35868,0
-36124,0
-36143,0
-35829,0
-35393,0
-35306,0
-35796,0
-36471,0
-36792,0
-36632,0
-36316,0
-36334,0
-36823,0
-37358,0
-37458,0
-37099,0
-36642,0
-36483,0
-36665,0
-36861,0
-36799,0
-36563,0
-36386,0
-36387,0
-36523,0
-36596,0
-36595,0
-36630,0
-36713,0
-36914,0
-37108,0
-37098,0
-36957,0
-36942,0
-37155,0
-37343,0
-37396,0
-37331,0
-37132,0
-36957,0
-36902,0
-36962,0
-37071,0
-37026,0
-36667,0
-36142,0
-35821,0
-35880,0
-36169,0
-36306,0
-36007,0
-35480,0
-35212,0
-35432,0
-35916,0
-36264,0
-36235,0
-36010,0
-36074,0
-36498,0
-36942,0
-37180,0
-37147,0
-37072,0
-37236,0
-37458,0
-37422,0
-37111,0
-36744,0
-36606,0
-36770,0
-36925,0
-36747,0
-36284,0
-35865,0
-35878,0
-36384,0
-36894,0
-36942,0
-36532,0
-36103,0
-36189,0
-36739,0
-37189,0
-37174,0
-36742,0
-36311,0
-36309,0
-36616,0
-36811,0
-36701,0
-36359,0
-36047,0
-35977,0
-36062,0
-36132,0
-36129,0
-36073,0
-36107,0
-36312,0
-36497,0
-36528,0
-36477,0
-36449,0
-36597,0
-36903,0
-37093,0
-37010,0
-36700,0
-36413,0
-36458,0
-36816,0
-37176,0
-37159,0
-36676,0
-36181,0
-36158,0
-36626,0
-37192,0
-37375,0
-37029,0
-36574,0
-36626,0
-37182,0
-37670,0
-37680,0
-37256,0
-36866,0
-36901,0
-37116,0
-37088,0
-36728,0
-36237,0
-35997,0
-36110,0
-36264,0
-36191,0
-35849,0
-35568,0
-35735,0
-36242,0
-36667,0
-36692,0
-36464,0
-36445,0
-36841,0
-37455,0
-37843,0
-37748,0
-37387,0
-37229,0
-37493,0
-37862,0
-37932,0
-37595,0
-37061,0
-36764,0
-36856,0
-37069,0
-37100,0
-36891,0
-36628,0
-36509,0
-36635,0
-36826,0
-36821,0
-36687,0
-36571,0
-36598,0
-36699,0
-36603,0
-36352,0
-36112,0
-36031,0
-36252,0
-36546,0
-36634,0
-36447,0
-36136,0
-36058,0
-36295,0
-36644,0
-36868,0
-36711,0
-36298,0
-36047,0
-36176,0
-36552,0
-36815,0
-36764,0
-36533,0
-36496,0
-36879,0
-37405,0
-37703,0
-37714,0
-37617,0
-37676,0
-37956,0
-38210,0
-38195,0
-37917,0
-37622,0
-37512,0
-37425,0
-37160,0
-36696,0
-36143,0
-35800,0
-35747,0
-35752,0
-35631,0
-35295,0
-34946,0
-34947,0
-35337,0
-35850,0
-36125,0
-36010,0
-35767,0
-35842,0
-36382,0
-37005,0
-37266,0
-37044,0
-36612,0
-36499,0
-36803,0
-37165,0
-37269,0
-37009,0
-36647,0
-36460,0
-36490,0
-36632,0
-36684,0
-36617,0
-36579,0
-36710,0
-36892,0
-36871,0
-36710,0
-36566,0
-36596,0
-36837,0
-37032,0
-37021,0
-36785,0
-36513,0
-36548,0
-36928,0
-37363,0
-37490,0
-37209,0
-36772,0
-36595,0
-36918,0
-37427,0
-37541,0
-37020,0
-36252,0
-35890,0
-36086,0
-36442,0
-36516,0
-36142,0
-35634,0
-35530,0
-35891,0
-36282,0
-36385,0
-36197,0
-36075,0
-36361,0
-36779,0
-36928,0
-36822,0
-36658,0
-36730,0
-37183,0
-37628,0
-37566,0
-37049,0
-36551,0
-36536,0
-37025,0
-37393,0
-37131,0
-36436,0
-35880,0
-35951,0
-36486,0
-36826,0
-36662,0
-36109,0
-35615,0
-35618,0
-35884,0
-35981,0
-35872,0
-35751,0
-35786,0
-35986,0
-36268,0
-36516,0
-36693,0
-36931,0
-37308,0
-37688,0
-37883,0
-37863,0
-37740,0
-37641,0
-37716,0
-37906,0
-38000,0
-37891,0
-37478,0
-36984,0
-36817,0
-36969,0
-37189,0
-37137,0
-36682,0
-36217,0
-36193,0
-36646,0
-37161,0
-37316,0
-37087,0
-36844,0
-37062,0
-37635,0
-38001,0
-37908,0
-37479,0
-37131,0
-37121,0
-37166,0
-36999,0
-36520,0
-35924,0
-35693,0
-35761,0
-35716,0
-35452,0
-35074,0
-34920,0
-35230,0
-35778,0
-36182,0
-36217,0
-36050,0
-36150,0
-36735,0
-37559,0
-38051,0
-37926,0
-37566,0
-37391,0
-37507,0
-37816,0
-37952,0
-37579,0
-36888,0
-36400,0
-36344,0
-36480,0
-36486,0
-36218,0
-35836,0
-35662,0
-35744,0
-35827,0
-35735,0
-35550,0
-35420,0
-35474,0
-35654,0
-35699,0
-35579,0
-35436,0
-35442,0
-35727,0
-36134,0
-36421,0
-36373,0
-36081,0
-36019,0
-36358,0
-36893,0
-37251,0
-37076,0
-36535,0
-36157,0
-36317,0
-36880,0
-37170,0
-36795,0
-36079,0
-35640,0
-35875,0
-36511,0
-36954,0
-36969,0
-36824,0
-36984,0
-37504,0
-38005,0
-38221,0
-38146,0
-38015,0
-38103,0
-38290,0
-38196,0
-37732,0
-37148,0
-36793,0
-36821,0
-36981,0
-36842,0
-36288,0
-35679,0
-35491,0
-35873,0
-36480,0
-36788,0
-36624,0
-36303,0
-36360,0
-36952,0
-37621,0
-37863,0
-37543,0
-37027,0
-36854,0
-37088,0
-37347,0
-37212,0
-36734,0
-36361,0
-36319,0
-36591,0
-36868,0
-36829,0
-36638,0
-36606,0
-36913,0
-37359,0
-37486,0
-37231,0
-36832,0
-36621,0
-36742,0
-36880,0
-36749,0
-36307,0
-35765,0
-35579,0
-35873,0
-36228,0
-36224,0
-35865,0
-35555,0
-35694,0
-36242,0
-36782,0
-36932,0
-36619,0
-36251,0
-36334,0
-36781,0
-37137,0
-37118,0
-36723,0
-36316,0
-36303,0
-36566,0
-36756,0
-36789,0
-36732,0
-36777,0
-37051,0
-37344,0
-37503,0
-37580,0
-37657,0
-37873,0
-38183,0
-38329,0
-38156,0
-37710,0
-37275,0
-37178,0
-37373,0
-37474,0
-37129,0
-36376,0
-35739,0
-35658,0
-35987,0
-36238,0
-36044,0
-35507,0
-35118,0
-35256,0
-35771,0
-36202,0
-36311,0
-36155,0
-36045,0
-36212,0
-36449,0
-36501,0
-36378,0
-36264,0
-36331,0
-36483,0
-36494,0
-36309,0
-36102,0
-36188,0
-36631,0
-37075,0
-37254,0
-37190,0
-37006,0
-36950,0
-37160,0
-37491,0
-37703,0
-37584,0
-37168,0
-36759,0
-36590,0
-36728,0
-36912,0
-36719,0
-36150,0
-35648,0
-35623,0
-35969,0
-36247,0
-36215,0
-35950,0
-35799,0
-36004,0
-36408,0
-36684,0
-36593,0
-36285,0
-36167,0
-36290,0
-36371,0
-36187,0
-35792,0
-35549,0
-35664,0
-35983,0
-36211,0
-36108,0
-35795,0
-35738,0
-36239,0
-37018,0
-37489,0
-37403,0
-37007,0
-36912,0
-37436,0
-38142,0
-38427,0
-38050,0
-37408,0
-37165,0
-37388,0
-37669,0
-37631,0
-37206,0
-36701,0
-36421,0
-36454,0
-36563,0
-36488,0
-36354,0
-36352,0
-36534,0
-36750,0
-36759,0
-36610,0
-36444,0
-36424,0
-36687,0
-36996,0
-37055,0
-36832,0
-36582,0
-36663,0
-37069,0
-37590,0
-37936,0
-37763,0
-37261,0
-36982,0
-37200,0
-37684,0
-37829,0
-37362,0
-36604,0
-36111,0
-36235,0
-36682,0
-36862,0
-36579,0
-36128,0
-36022,0
-36363,0
-36744,0
-36881,0
-36787,0
-36753,0
-37012,0
-37358,0
-37489,0
-37297,0
-36945,0
-36791,0
-36959,0
-37135,0
-36902,0
-36249,0
-35577,0
-35329,0
-35616,0
-35983,0
-35948,0
-35557,0
-35251,0
-35408,0
-35951,0
-36524,0
-36733,0
-36488,0
-36280,0
-36468,0
-36893,0
-37239,0
-37282,0
-37124,0
-37033,0
-37114,0
-37289,0
-37382,0
-37330,0
-37225,0
-37179,0
-37250,0
-37269,0
-37082,0
-36804,0
-36623,0
-36635,0
-36741,0
-36774,0
-36628,0
-36297,0
-36014,0
-35970,0
-36142,0
-36432,0
-36549,0
-36265,0
-35864,0
-35792,0
-36135,0
-36653,0
-36990,0
-36933,0
-36706,0
-36785,0
-37210,0
-37588,0
-37663,0
-37425,0
-37151,0
-37170,0
-37351,0
-37367,0
-37110,0
-36701,0
-36482,0
-36576,0
-36676,0
-36519,0
-36085,0
-35724,0
-35811,0
-36187,0
-36557,0
-36704,0
-36554,0
-36392,0
-36571,0
-37100,0
-37570,0
-37560,0
-37105,0
-36670,0
-36649,0
-36906,0
-37011,0
-36687,0
-36032,0
-35501,0
-35423,0
-35686,0
-35866,0
-35675,0
-35328,0
-35154,0
-35257,0
-35536,0
-35762,0
-35817,0
-35872,0
-36187,0
-36659,0
-36945,0
-36979,0
-36890,0
-36927,0
-37299,0
-37737,0
-37827,0
-37554,0
-37171,0
-37016,0
-37277,0
-37712,0
-37874,0
-37527,0
-36932,0
-36567,0
-36635,0
-36978,0
-37146,0
-36812,0
-36136,0
-35683,0
-35833,0
-36296,0
-36616,0
-36566,0
-36286,0
-36222,0
-36510,0
-36924,0
-37183,0
-37102,0
-36892,0
-36842,0
-36898,0
-36901,0
-36726,0
-36361,0
-36087,0
-36137,0
-36329,0
-36300,0
-35919,0
-35452,0
-35339,0
-35772,0
-36429,0
-36784,0
-36641,0
-36268,0
-36221,0
-36737,0
-37433,0
-37766,0
-37456,0
-36832,0
-36591,0
-36859,0
-37127,0
-36984,0
-36527,0
-36126,0
-36031,0
-36256,0
-36449,0
-36325,0
-36064,0
-36000,0
-36279,0
-36595,0
-36622,0
-36399,0
-36098,0
-36068,0
-36408,0
-36770,0
-36891,0
-36736,0
-36535,0
-36604,0
-36995,0
-37511,0
-37794,0
-37689,0
-37480,0
-37449,0
-37705,0
-38133,0
-38306,0
-38012,0
-37484,0
-37170,0
-37321,0
-37593,0
-37501,0
-37006,0
-36450,0
-36248,0
-36431,0
-36649,0
-36638,0
-36408,0
-36256,0
-36415,0
-36688,0
-36782,0
-36608,0
-36375,0
-36418,0
-36720,0
-37012,0
-37010,0
-36637,0
-36239,0
-36198,0
-36537,0
-36871,0
-36740,0
-36177,0
-35661,0
-35621,0
-36025,0
-36404,0
-36387,0
-36055,0
-35838,0
-36085,0
-36714,0
-37301,0
-37475,0
-37415,0
-37465,0
-37628,0
-37864,0
-38017,0
-37929,0
-37705,0
-37560,0
-37581,0
-37506,0
-37206,0
-36822,0
-36453,0
-36324,0
-36399,0
-36378,0
-36129,0
-35692,0
-35354,0
-35383,0
-35742,0
-36141,0
-36220,0
-35968,0
-35669,0
-35703,0
-36279,0
-36944,0
-37133,0
-36834,0
-36397,0
-36312,0
-36677,0
-37066,0
-37115,0
-36821,0
-36571,0
-36668,0
-36919,0
-37061,0
-36948,0
-36691,0
-36746,0
-37104,0
-37296,0
-37174,0
-36854,0
-36651,0
-36889,0
-37390,0
-37601,0
-37269,0
-36734,0
-36441,0
-36592,0
-37050,0
-37261,0
-36882,0
-36239,0
-35940,0
-36288,0
-36885,0
-37133,0
-36839,0
-36342,0
-36262,0
-36679,0
-37142,0
-37248,0
-36912,0
-36520,0
-36403,0
-36601,0
-36822,0
-36680,0
-36337,0
-36047,0
-35947,0
-36079,0
-36073,0
-35823,0
-35552,0
-35483,0
-35810,0
-36270,0
-36523,0
-36580,0
-36560,0
-36693,0
-37107,0
-37602,0
-37856,0
-37649,0
-37121,0
-36736,0
-36763,0
-37008,0
-37013,0
-36487,0
-35656,0
-35128,0
-35241,0
-35682,0
-35921,0
-35677,0
-35225,0
-35192,0
-35704,0
-36334,0
-36673,0
-36619,0
-36532,0
-36830,0
-37397,0
-37777,0
-37707,0
-37408,0
-37315,0
-37580,0
-37989,0
-38090,0
-37686,0
-37140,0
-36939,0
-37268,0
-37743,0
-37812,0
-37403,0
-36884,0
-36770,0
-37149,0
-37512,0
-37485,0
-37063,0
-36577,0
-36508,0
-36822,0
-37141,0
-37148,0
-36848,0
-36656,0
-36757,0
-37016,0
-37195,0
-37131,0
-36965,0
-36838,0
-36833,0
-36891,0
-36773,0
-36407,0
-35978,0
-35807,0
-35926,0
-36049,0
-36005,0
-35726,0
-35414,0
-35422,0
-35820,0
-36422,0
-36767,0
-36639,0
-36428,0
-36550,0
-37143,0
-37833,0
-38102,0
-37880,0
-37412,0
-37211,0
-37482,0
-37779,0
-37692,0
-37155,0
-36575,0
-36403,0
-36439,0
-36390,0
-36231,0
-35889,0
-35590,0
-35651,0
-35828,0
-35776,0
-35512,0
-35302,0
-35430,0
-35855,0
-36272,0
-36377,0
-36109,0
-35807,0
-35906,0
-36430,0
-36955,0
-37030,0
-36650,0
-36281,0
-36376,0
-36878,0
-37312,0
-37293,0
-36869,0
-36527,0
-36630,0
-37003,0
-37229,0
-37076,0
-36752,0
-36601,0
-36697,0
-36869,0
-36887,0
-36761,0
-36697,0
-36837,0
-37092,0
-37173,0
-37027,0
-36814,0
-36738,0
-36947,0
-37201,0
-37270,0
-37158,0
-36887,0
-36676,0
-36711,0
-36929,0
-37160,0
-37088,0
-36651,0
-36178,0
-36008,0
-36236,0
-36459,0
-36289,0
-35780,0
-35257,0
-35250,0
-35787,0
-36302,0
-36402,0
-36063,0
-35826,0
-36171,0
-36778,0
-37213,0
-37235,0
-36930,0
-36846,0
-37136,0
-37448,0
-37465,0
-37084,0
-36700,0
-36733,0
-37032,0
-37136,0
-36736,0
-36068,0
-35669,0
-35825,0
-36327,0
-36593,0
-36327,0
-35834,0
-35710,0
-36228,0
-36915,0
-37224,0
-37003,0
-36511,0
-36408,0
-36796,0
-37184,0
-37249,0
-36915,0
-36538,0
-36498,0
-36707,0
-36847,0
-36712,0
-36425,0
-36215,0
-36281,0
-36536,0
-36620,0
-36477,0
-36273,0
-36294,0
-36720,0
-37202,0
-37450,0
-37400,0
-37102,0
-37006,0
-37332,0
-37792,0
-38020,0
-37726,0
-37108,0
-36712,0
-36815,0
-37210,0
-37298,0
-36780,0
-36019,0
-35604,0
-35731,0
-36067,0
-36180,0
-35892,0
-35512,0
-35557,0
-36012,0
-36448,0
-36612,0
-36492,0
-36411,0
-36705,0
-37151,0
-37354,0
-37208,0
-36958,0
-36980,0
-37331,0
-37729,0
-37757,0
-37349,0
-36993,0
-37067,0
-37486,0
-37826,0
-37696,0
-37154,0
-36630,0
-36555,0
-36853,0
-37049,0
-36850,0
-36309,0
-35857,0
-35851,0
-36156,0
-36422,0
-36422,0
-36276,0
-36193,0
-36260,0
-36480,0
-36634,0
-36636,0
-36650,0
-36807,0
-37063,0
-37138,0
-36930,0
-36635,0
-36470,0
-36542,0
-36686,0
-36673,0
-36439,0
-36043,0
-35737,0
-35821,0
-36299,0
-36840,0
-37043,0
-36871,0
-36683,0
-36808,0
-37357,0
-38014,0
-38245,0
-37931,0
-37429,0
-37318,0
-37738,0
-38117,0
-37993,0
-37403,0
-36784,0
-36597,0
-36710,0
-36724,0
-36440,0
-35902,0
-35538,0
-35591,0
-35772,0
-35793,0
-35576,0
-35352,0
-35508,0
-36057,0
-36558,0
-36586,0
-36232,0
-35933,0
-36079,0
-36689,0
-37186,0
-37076,0
-36511,0
-36095,0
-36313,0
-36919,0
-37295,0
-37134,0
-36606,0
-36239,0
-36385,0
-36832,0
-37114,0
-36963,0
-36563,0
-36374,0
-36594,0
-36913,0
-36931,0
-36703,0
-36463,0
-36407,0
-36626,0
-36786,0
-36635,0
-36290,0
-36045,0
-36245,0
-36732,0
-37009,0
-36849,0
-36361,0
-36027,0
-36272,0
-36860,0
-37160,0
-36828,0
-36148,0
-35709,0
-35864,0
-36437,0
-36791,0
-36571,0
-36093,0
-35904,0
-36298,0
-36996,0
-37442,0
-37436,0
-37248,0
-37309,0
-37715,0
-38121,0
-38259,0
-38100,0
-37886,0
-37989,0
-38251,0
-38282,0
-37992,0
-37461,0
-37053,0
-37048,0
-37176,0
-37099,0
-36688,0
-36078,0
-35708,0
-35863,0
-36288,0
-36460,0
-36210,0
-35814,0
-35642,0
-35884,0
-36305,0
-36469,0
-36223,0
-35865,0
-35837,0
-36169,0
-36531,0
-36593,0
-36398,0
-36304,0
-36459,0
-36740,0
-36920,0
-36844,0
-36642,0
-36620,0
-36896,0
-37158,0
-37147,0
-36926,0
-36682,0
-36725,0
-37015,0
-37201,0
-37148,0
-36866,0
-36604,0
-36624,0
-36877,0
-37190,0
-37277,0
-36999,0
-36628,0
-36481,0
-36685,0
-37070,0
-37182,0
-36809,0
-36205,0
-35863,0
-36048,0
-36513,0
-36934,0
-37416,0
-38769,0
-42289,0
-49042,0
-59745,0
-74882,0
-94775,0
-119768,0
-149649,0
-183130,0
-217779,0
-249785,0
-274199,0
-285266,0
-277027,1
-244928,1
-187530,1
-107547,1
-11563,1
91546,1
192403,1
282457,1
354600,1
403175,1
424267,1
416740,1
382701,1
326897,1
255601,1
175259,1
91648,1
9993,1
-64792,1
-128353,1
-177275,1
-209503,1
-224476,1
-222939,1
-206943,1
-179799,1
-145839,1
-109567,1
-74628,1
-43277,1
-16244,1
6391,1
24067,1
35360,1
38371,1
31763,1
15325,1
-9840,1
-41407,1
-76288,1
-110685,1
-140549,1
-162460,1
-174264,1
-175840,1
-169074,1
-156846,1
-142088,1
-127119,1
-113617,1
-102746,1
-94930,1
-89581,1
-85026,1
-79281,1
-71118,1
-60520,1
-48523,1
-36374,1
-24926,1
-14878,1
-7195,1
-3099,1
-3547,1
-8480,1
-16736,1
-26820,1
-37295,1
-46752,1
-53762,1
-56727,1
-54331,1
-46316,1
-33772,1
-18729,1
-3466,1
9969,1
20003,1
25346,1
25017,1
18918,1
8159,1
-5153,1
-18797,1
-31256,1
-41955,1
-51012,1
-58387,1
-63661,1
-66191,1
-65151,1
-59978,1
-50448,1
-36782,1
-19989,1
-1994,1
14440,1
26490,1
32080,1
30362,1
21801,1
7731,1
-10019,1
-29577,1
-49127,1
-66909,1
-81603,1
-92079,1
-97311,1
-96702,1
-89927,1
-77132,1
-59301,1
-38417,1
-17334,1
1145,1
14910,1
22851,1
25019,1
21770,1
13327,1
145,1
-16786,1
-35564,1
-53866,1
-69862,1
-82652,1
-92114,1
-98125,1
-100422,1
-98765,1
-93061,1
-84020,1
-72832,1
-60603,1
-48821,1
-39081,1
-32662,1
-30487,1
-32457,1
-37472,1
-43800,1
-49434,1
-52867,1
-52995,1
-48857,1
-39805,1
-25924,1
-8685,1
9340,1
25295,1
36837,1
42884,1
43391,1
38749,1
29508,1
16557,1
1329,1
-14679,1
-30478,1
-45832,1
-61083,1
-76488,1
-91865,1
-106656,1
-120040,1
-131062,1
-138663,1
-141411,1
-137429,1
-125343,1
-105035,1
-77582,1
-45217,1
-10751,1
22970,1
53020,1
76539,1
90925,1
94511,1
87243,1
70495,1
46758,1
18855,1
-10901,1
-40451,1
-67600,1
-90169,1
-106400,1
-115518,1
-118053,1
-115239,1
-107994,1
-96807,1
-82118,1
-64598,1
-45360,1
-25713,1
-6733,1
10593,1
24996,1
35029,1
39440,1
37807,1
30795,1
19588,1
5249,1
-11598,1
-30371,1
-49933,1
-68430,1
-83805,1
-94684,1
-100549,1
-101476,1
-97714,1
-89543,1
-77695,1
-63456,1
-48568,1
-34672,1
-22574,1
-12738,1
-5762,1
-2285,1
-2909,1
-7601,1
-15489,1
-25611,1
-37590,1
-51474,1
-67125,1
-83907,1
-100475,1
-115210,1
-126857,1
-134202,1
-136073,1
-131459,1
-119621,1
-100979,1
-77048,1
-49974,1
-22311,1
3812,1
26781,1
45295,1
58448,1
65507,1
66256,1
61235,1
51505,1
38450,1
23210,1
6688,1
-10093,1
-25862,1
-38894,1
-47735,1
-51940,1
-51863,1
-48365,1
-42234,1
-33983,1
-24273,1
-13982,1
-4128,1
4532,1
11724,1
17240,1
20790,1
21836,1
19818,1
14798,1
7043,1
-3557,1
-17222,1
-33919,1
-52885,1
-72361,1
-90194,1
-104785,1
-115484,1
-122296,1
-125419,1
-124926,1
-120908,1
-114016,1
-105473,1
-96585,1
-88124,1
-80017,1
-71795,1
-63147,1
-54202,1
-45539,1
-37756,1
-31223,1
-26269,1
-23486,1
-23566,1
-26878,1
-33396,1
-42634,1
-53802,1
-65933,1
-77764,1
-87788,1
-94161,1
-95175,1
-89940,1
-78304,1
-60974,1
-39159,1
-14196,1
12027,1
37366,1
59634,1
76630,1
86870,1
89928,1
86249,1
76731,1
62240,1
43648,1
22193,1
-377,1
-22237,1
-41986,1
-58889,1
-72981,1
-84329,1
-92495,1
-97018,1
-97689,1
-94659,1
-88269,1
-78593,1
-65836,1
-50860,1
-35097,1
-20410,1
-8385,1
437,1
6129,1
8882,1
8909,1
6386,1
1814,1
-3926,1
-10104,1
-16512,1
-23343,1
-30873,1
-39079,1
-47367,1
-55062,1
-62006,1
-68605,1
-75406,1
-82353,1
-88770,1
-93806,1
-96843,1
-97861,1
-96978,1
-94080,1
-89055,1
-82138,1
-74244,1
-66394,1
-58994,1
-51911,1
-44651,1
-36940,1
-29017,1
-21298,1
-14057,1
-7202,1
-819,1
4532,1
8197,1
9601,1
8792,1
6290,1
2484,1
-2458,1
-8833,1
-16825,1
-26049,1
-35986,1
-45904,1
-55235,1
-63722,1
-70792,1
-75711,1
-77676,1
-76099,1
-71259,1
-64076,1
-55488,1
-45986,1
-35884,1
-25810,1
-16642,1
-9505,1
-5123,1
-3296,1
-3583,1
-5684,1
-9524,1
-15209,1
-22390,1
-30115,1
-37303,1
-43088,1
-47000,1
-48905,1
-48800,1
-46788,1
-43316,1
-39487,1
-36740,1
-36163,1
-38158,1
-42320,1
-47882,1
-54238,1
-60747,1
-66428,1
-69940,1
-70026,1
-66043,1
-58289,1
-47917,1
-36170,1
-23989,1
-12275,1
-1968,1
6062,1
11198,1
13250,1
12520,1
9455,1
4307,1
-2697,1
-11281,1
-20975,1
-31051,1
-40927,1
-50270,1
-58859,1
-66325,1
-71986,1
-75263,1
-75866,1
-73839,1
-69563,1
-63328,1
-55176,1
-45201,1
-33970,1
-22820,1
-13443,1
-7151,1
-4267,1
-4220,1
-6405,1
-10458,1
-16221,1
-23497,1
-31544,1
-39569,1
-47237,1
-54660,1
-62338,1
-70405,1
-78246,1
-84986,1
-89842,1
-92404,1
-92422,1
-89421,1
-83125,1
-73795,1
-62128,1
-49173,1
-35879,1
-22830,1
-10512,1
343,1
8583,1
13131,1
13665,1
10726,1
5348,1
-1537,1
-9470,1
-18294,1
-27432,1
-35817,1
-42578,1
-47260,1
-49952,1
-50978,1
-50274,1
-47576,1
-42711,1
-35826,1
-27484,1
-18337,1
-8898,1
336,1
8403,1
14000,1
15949,1
13496,1
6879,1
-2980,1
-15179,1
-28783,1
-42954,1
-56786,1
-69056,1
-78772,1
-85451,1
-89000,1
-89567,1
-87141,1
-81541,1
-72867,1
-61892,1
-50105,1
-39163,1
-30194,1
-23498,1
-18951,1
-16615,1
-16738,1
-19450,1
-24308,1
-30311,1
-36515,1
-42389,1
-47903,1
-53028,1
-57133,1
-59431,1
-59538,1
-57622,1
-54466,1
-50919,1
-47372,1
-44040,1
-41193,1
-39174,1
-38237,1
-38274,1
-38756,1
-39021,1
-38828,1
-38309,1
-37660,1
-36986,1
-36046,1
-34549,1
-32678,1
-31014,1
-29916,1
-29133,1
-28155,1
-26615,1
-24669,1
-22978,1
-21857,1
-20997,1
-19779,1
-17666,1
-14855,1
-11963,1
-9478,1
-7629,1
-6279,1
-5483,1
-5610,1
-7005,1
-9757,1
-13526,1
-18135,1
-23687,1
-30292,1
-38099,1
-46780,1
-55579,1
-63889,1
-71341,1
-77955,1
-83674,1
-87880,1
-89917,1
-89500,1
-86862,1
-82681,1
-77570,1
-71659,1
-64581,1
-56099,1
-46690,1
-37502,1
-29677,1
-23645,1
-19387,1
-16873,1
-16220,1
-17711,1
-21116,1
-25453,1
-29657,1
-32967,1
-35140,1
-36350,1
-36716,1
-36185,1
-34779,1
-32889,1
-30975,1
-29203,1
-27570,1
-25982,1
-24532,1
-23657,1
-23861,1
-25296,1
-27337,1
-28841,1
-28994,1
-27814,1
-26028,1
-24372,1
-23111,1
-22286,1
-21888,1
-22132,1
-23459,1
-25825,1
-28765,1
-31794,1
-34623,1
-37363,1
-40056,1
-42500,1
-44430,1
-45621,1
-46098,1
-46058,1
-45632,1
-44596,1
-42646,1
-39903,1
-36830,1
-33976,1
-31610,1
-29685,1
-28076,1
-26641,1
-25501,1
-25030,1
-25484,1
-26840,1
-28814,1
-31220,1
-34201,1
-37926,1
-42355,1
-47050,1
-51282,1
-54579,1
-56902,1
-58510,1
-59521,1
-59555,1
-58174,1
-55248,1
-51082,1
-46321,1
-41313,1
-36082,1
-30857,1
-26169,1
-22869,1
-21787,1
-23082,1
-26299,1
-30827,1
-36188,1
-42070,1
-48006,1
-53168,1
-56689,1
-58045,1
-57199,1
-54619,1
-50778,1
-45705,1
-39490,1
-32655,1
-26166,1
-21167,1
-18091,1
-16707,1
-16636,1
-17558,1
-19658,1
-23150,1
-27645,1
-32351,1
-36449,1
-39634,1
-41889,1
-43091,1
-43120,1
-41720,1
-38879,1
-35109,1
-31120,1
-27646,1
-25117,1
-23791,1
-24004,1
-26079,1
-30300,1
-36435,1
-43699,1
-51197,1
-58079,1
-63731,1
-67796,1
-70019,1
-69957,1
-67158,1
-61864,1
-54960,1
-47578,1
-40534,1
-33875,1
-27470,1
-21545,1
-16583,1
-13161,1
-11414,1
-10780,1
-10602,0
-10721,0
-11483,0
-13131,0
-15358,0
-17775,0
-20177,0
-22649,0
-25719,0
-29509,0
-33499,0
-37150,0
-40084,0
-42374,0
-44294,0
-45749,0
-46414,0
-45960,0
-44442,0
-42358,0
-40035,0
-37372,0
-33999,0
-29721,0
-24968,0
-20655,0
-17673,0
-16394,0
-16739,0
-18610,0
-22144,0
-27707,0
-35195,0
-43787,0
-52452,0
-60481,0
-67685,0
-73900,0
-78817,0
-81994,0
-82900,0
-81504,0
-78211,0
-73405,0
-67412,0
-60541,0
-53230,0
-46087,0
-39829,0
-34914,0
-31237,0
-28398,0
-25877,0
-23376,0
-20979,0
-18757,0
-16643,0
-14498,0
-12301,0
-10401,0
-9398,0
-9598,0
-10596,0
-11667,0
-12312,0
-12544,0
-12976,0
-14184,0
-16193,0
-18805,0
-21899,0
-25508,0
-29793,0
-34462,0
-38728,0
-42025,0
-44181,0
-45604,0
-46938,0
-48315,0
-49704,0
-51206,0
-52827,0
-54474,0
-55989,0
-57062,0
-57228,0
-56348,0
-54725,0
-52753,0
-50789,0
-48726,0
-46156,0
-42929,0
-39186,0
-35454,0
-32191,0
-29367,0
-26883,0
-24731,0
-23231,0
-23033,0
-24269,0
-26304,0
-28515,0
-30814,0
-33407,0
-36558,0
-40412,0
-44581,0
-48453,0
-51764,0
-54489,0
-56597,0
-57784,0
-57565,0
-55737,0
-52476,0
-48213,0
-43198,0
-37448,0
-31181,0
-24680,0
-18364,0
-12863,0
-8385,0
-4722,0
-1711,0
504,0
1247,0
-242,0
-4221,0
-10297,0
-17503,0
-24992,0
-32488,0
-39992,0
-47243,0
-53534,0
-58198,0
-61049,0
-62371,0
-62611,0
-61822,0
-59731,0
-56288,0
-51866,0
-47348,0
-43466,0
-40141,0
-37059,0
-34194,0
-31898,0
-30735,0
-30895,0
-31923,0
-33153,0
-34405,0
-36020,0
-38400,0
-41485,0
-44558,0
-46947,0
-48591,0
-49919,0
-51461,0
-53149,0
-54337,0
-54454,0
-53419,0
-51781,0
-50067,0
-48229,0
-45942,0
-42958,0
-39522,0
-36159,0
-32988,0
-29725,0
-26027,0
-21866,0
-17659,0
-14049,0
-11479,0
-9915,0
-9231,0
-9403,0
-10569,0
-13082,0
-16842,0
-21247,0
-25699,0
-29819,0
-33697,0
-37447,0
-40857,0
-43601,0
-45216,0
-45557,0
-45045,0
-44048,0
-42567,0
-40248,0
-36848,0
-32849,0
-29217,0
-26814,0
-25966,0
-26463,0
-27904,0
-30149,0
-33485,0
-37854,0
-42585,0
-47071,0
-50869,0
-53945,0
-56564,0
-58569,0
-59606,0
-59458,0
-58190,0
-56148,0
-53460,0
-50097,0
-46036,0
-41304,0
-36437,0
-32184,0
-28910,0
-26500,0
-24435,0
-22179,0
-19647,0
-17328,0
-15678,0
-14619,0
-13882,0
-13330,0
-13110,0
-13620,0
-15092,0
-17360,0
-20028,0
-22947,0
-26397,0
-30629,0
-35580,0
-40924,0
-46162,0
-50947,0
-55189,0
-58781,0
-61554,0
-63389,0
-64225,0
-64182,0
-63619,0
-62706,0
-61280,0
-59241,0
-56574,0
-53477,0
-50416,0
-47570,0
-44858,0
-42109,0
-38952,0
-35482,0
-32286,0
-29650,0
-27493,0
-25487,0
-23400,0
-21551,0
-20687,0
-21421,0
-23612,0
-26601,0
-29806,0
-33021,0
-36509,0
-40352,0
-44074,0
-47076,0
-48996,0
-50000,0
-50548,0
-50736,0
-50326,0
-49093,0
-47013,0
-44436,0
-41700,0
-38721,0
-35235,0
-31176,0
-26877,0
-22973,0
-19877,0
-17328,0
-14769,0
-11989,0
-9288,0
-7354,0
-6563,0
-6598,0
-7025,0
-7631,0
-8630,0
-10566,0
-13516,0
-17004,0
-20648,0
-24468,0
-28775,0
-33807,0
-39409,0
-44948,0
-49804,0
-53772,0
-56887,0
-59294,0
-60904,0
-61414,0
-60802,0
-59385,0
-57720,0
-56245,0
-54880,0
-53349,0
-51632,0
-50125,0
-49396,0
-49540,0
-50084,0
-50454,0
-50384,0
-50241,0
-50629,0
-51602,0
-52561,0
-52801,0
-52150,0
-51083,0
-50173,0
-49402,0
-48137,0
-45783,0
-42280,0
-38123,0
-33911,0
-29852,0
-26004,0
-22800,0
-21099,0
-21943,0
-25770,0
-31800,0
-38527,0
-44222,0
-47373,0
-47144,0
-43174,0
-35644,0
-25383,0
-13582,0
-1797,0
8417,0
16005,0
20380,0
21344,0
18931,0
13205,0
4461,0
-6540,0
-18707,0
-31002,0
-42876,0
-54063,0
-63979,0
-71768,0
-76517,0
-77477,0
-74749,0
-69173,0
-61731,0
-53357,0
-44711,0
-36187,0
-28135,0
-20870,0
-14417,0
-8768,0
-4479,0
-2362,0
-3176,0
-7367,0
-14492,0
-23504,0
-33092,0
-42197,0
-50466,0
-57504,0
-62719,0
-65738,0
-66507,0
-65560,0
-63895,0
-62492,0
-61638,0
-60887,0
-59641,0
-57471,0
-54614,0
-51617,0
-48499,0
-45063,0
-41249,0
-37283,0
-33821,0
-31348,0
-29901,0
-29234,0
-28966,0
-29122,0
-30098,0
-31806,0
-33609,0
-34840,0
-35089,0
-34386,0
-32951,0
-30752,0
-27578,0
-23469,0
-19083,0
-15518,0
-13713,0
-13855,0
-15318,0
-17410,0
-20082,0
-23761,0
-28607,0
-34177,0
-39807,0
-45069,0
-50028,0
-55103,0
-60299,0
-64723,0
-67211,0
-67309,0
-65426,0
-62314,0
-58689,0
-54889,0
-51029,0
-47454,0
-44641,0
-42903,0
-41988,0
-41203,0
-40158,0
-38914,0
-37743,0
-36761,0
-35570,0
-33567,0
-30416,0
-26405,0
-22393,0
-19163,0
-16998,0
-15800,0
-15503,0
-16384,0
-18863,0
-23081,0
-28647,0
-34829,0
-41018,0
-46983,0
-52848,0
-58451,0
-62903,0
-65389,0
-65739,0
-64217,0
-61270,0
-57009,0
-51062,0
-43308,0
-34280,0
-24969,0
-16434,0
-9268,0
-3662,0
165,0
1812,0
859,0
-2503,0
-7335,0
-12531,0
-17276,0
-21266,0
-24488,0
-26938,0
-28476,0
-28910,0
-28601,0
-28500,0
-29477,0
-31714,0
-34664,0
-37656,0
-40388,0
-43024,0
-45866,0
-48886,0
-51780,0
-54317,0
-56604,0
-58875,0
-61195,0
-63409,0
-65047,0
-65749,0
-65461,0
-64084,0
-61552,0
-57744,0
-52528,0
-46109,0
-39021,0
-32039,0
-25786,0
-20529,0
-16425,0
-13576,0
-12262,0
-12685,0
-14580,0
-17407,0
-20347,0
-22776,0
-24665,0
-26223,0
-27683,0
-28900,0
-29473,0
-29384,0
-29013,0
-28973,0
-29517,0
-30299,0
-30901,0
-31118,0
-31272,0
-31873,0
-32870,0
-33880,0
-34595,0
-35057,0
-35639,0
-36503,0
-37436,0
-38129,0
-38608,0
-39383,0
-40985,0
-43405,0
-46004,0
-48103,0
-49478,0
-50419,0
-51371,0
-52266,0
-52588,0
-51941,0
-50457,0
-48894,0
-47852,0
-47175,0
-46480,0
-45562,0
-44596,0
-44267,0
-44954,0
-46135,0
-47031,0
-47332,0
-47207,0
-46940,0
-46653,0
-46089,0
-44882,0
-43001,0
-40522,0
-37614,0
-34412,0
-30570,0
-25872,0
-20784,0
-16062,0
-12363,0
-9960,0
-8842,0
-8909,0
-10198,0
-13100,0
-17729,0
-23543,0
-29725,0
-35442,0
-40398,0
-44952,0
-49338,0
-53237,0
-56010,0
-57183,0
-56763,0
-55283,0
-53308,0
-50719,0
-47151,0
-42656,0
-37679,0
-33079,0
-29479,0
-26702,0
-24469,0
-22812,0
-21924,0
-22063,0
-23172,0
-24871,0
-26976,0
-29662,0
-33228,0
-37696,0
-42460,0
-46619,0
-49645,0
-51595,0
-52922,0
-53935,0
-54406,0
-53964,0
-52595,0
-50729,0
-49004,0
-47584,0
-46009,0
-43820,0
-40967,0
-37852,0
-35046,0
-32760,0
-30666,0
-28553,0
-26719,0
-25507,0
-25186,0
-25695,0
-26551,0
-27565,0
-28713,0
-30029,0
-31585,0
-32867,0
-33280,0
-32756,0
-31410,0
-29416,0
-26943,0
-24099,0
-20953,0
-17838,0
-15455,0
-14251,0
-14329,0
-15585,0
-17479,0
-19432,0
-21359,0
-23530,0
-26123,0
-28900,0
-31504,0
-33806,0
-35837,0
-37940,0
-40266,0
-42269,0
-43455,0
-43800,0
-43740,0
-43854,0
-44209,0
-44433,0
-44170,0
-43565,0
-43248,0
-43613,0
-44526,0
-45570,0
-46637,0
-48134,0
-50411,0
-53565,0
-57281,0
-60764,0
-63671,0
-66248,0
-68577,0
-70466,0
-71300,0
-70359,0
-67662,0
-64009,0
-60094,0
-55874,0
-50972,0
-45104,0
-38438,0
-31873,0
-26189,0
-21428,0
-17361,0
-14003,0
-11602,0
-10406,0
-10531,0
-11539,0
-12653,0
-13694,0
-15006,0
-16922,0
-19530,0
-22535,0
-25574,0
-28437,0
-31132,0
-33657,0
-35606,0
-36570,0
-36376,0
-35156,0
-33616,0
-32307,0
-31214,0
-30189,0
-28979,0
-27571,0
-26367,0
-25841,0
-26088,0
-26554,0
-26876,0
-27224,0
-27953,0
-29648,0
-32347,0
-35283,0
-37796,0
-39936,0
-42301,0
-45244,0
-48539,0
-51658,0
-54123,0
-55894,0
-57215,0
-58051,0
-57791,0
-55875,0
-52546,0
-48465,0
-44351,0
-40628,0
-37038,0
-33321,0
-29817,0
-27275,0
-26296,0
-26686,0
-27663,0
-28680,0
-29697,0
-31024,0
-32902,0
-34851,0
-36082,0
-36301,0
-35817,0
-35302,0
-35139,0
-35220,0
-35281,0
-35350,0
-35948,0
-37363,0
-39349,0
-41477,0
-43328,0
-44865,0
-46453,0
-48409,0
-50623,0
-52708,0
-54435,0
-55688,0
-56461,0
-56790,0
-56320,0
-54552,0
-51357,0
-46952,0
-41910,0
-36902,0
-32140,0
-27444,0
-22874,0
-18944,0
-16115,0
-14752,0
-14887,0
-15828,0
-17057,0
-18627,0
-20807,0
-23724,0
-26953,0
-29883,0
-32177,0
-34130,0
-36315,0
-38661,0
-40763,0
-42246,0
-42810,0
-42699,0
-42256,0
-41307,0
-39547,0
-37092,0
-34445,0
-32066,0
-30232,0
-28916,0
-27826,0
-26950,0
-26590,0
-27080,0
-28536,0
-30464,0
-32191,0
-33462,0
-34481,0
-35786,0
-37523,0
-39241,0
-40363,0
-40512,0
-39988,0
-39434,0
-38993,0
-38321,0
-37088,0
-35362,0
-33556,0
-32018,0
-30815,0
-29768,0
-28862,0
-28530,0
-29285,0
-31379,0
-34582,0
-38248,0
-41905,0
-45496,0
-49129,0
-52630,0
-55374,0
-56795,0
-56777,0
-55735,0
-54324,0
-52825,0
-51080,0
-48739,0
-45665,0
-42454,0
-39908,0
-38293,0
-37380,0
-36712,0
-36025,0
-35618,0
-36115,0
-37644,0
-39538,0
-40997,0
-41678,0
-41919,0
-42215,0
-42380,0
-41904,0
-40587,0
-38512,0
-36116,0
-33858,0
-31615,0
-28980,0
-26012,0
-23367,0
-21707,0
-21180,0
-21401,0
-21823,0
-22206,0
-22774,0
-23880,0
-25461,0
-26960,0
-27928,0
-28474,0
-29146,0
-30480,0
-32370,0
-34072,0
-35017,0
-35285,0
-35468,0
-36017,0
-36792,0
-37273,0
-37092,0
-36435,0
-35716,0
-35260,0
-35091,0
-34962,0
-34879,0
-35094,0
-35996,0
-37656,0
-39528,0
-41355,0
-43057,0
-44484,0
-45789,0
-46828,0
-47169,0
-46520,0
-44852,0
-42783,0
-40998,0
-39660,0
-38692,0
-37804,0
-36855,0
-36249,0
-36436,0
-37373,0
-38531,0
-39337,0
-39717,0
-40162,0
-41164,0
-42510,0
-43668,0
-44424,0
-44672,0
-44708,0
-44942,0
-45125,0
-44825,0
-43801,0
-42289,0
-40813,0
-39336,0
-37604,0
-35619,0
-33558,0
-31887,0
-31087,0
-31112,0
-31446,0
-31728,0
-31939,0
-32476,0
-33732,0
-35389,0
-36920,0
-38039,0
-38878,0
-40072,0
-41825,0
-43646,0
-44893,0
-45074,0
-44364,0
-43401,0
-42404,0
-41130,0
-39263,0
-36826,0
-34247,0
-31874,0
-29790,0
-27827,0
-25779,0
-23810,0
-22352,0
-21640,0
-21482,0
-21534,0
-21703,0
-22136,0
-23082,0
-24591,0
-26258,0
-27712,0
-28957,0
-30199,0
-31830,0
-33965,0
-36210,0
-38119,0
-39361,0
-39931,0
-40153,0
-40276,0
-40143,0
-39386,0
-38020,0
-36525,0
-35687,0
-35879,0
-36639,0
-37489,0
-38195,0
-38913,0
-40199,0
-41959,0
-43549,0
-44668,0
-45341,0
-45905,0
-46664,0
-47368,0
-47516,0
-46856,0
-45687,0
-44430,0
-43086,0
-41410,0
-39037,0
-35882,0
-32393,0
-29105,0
-26365,0
-24053,0
-21842,0
-19845,0
-18704,0
-19126,0
-21116,0
-24065,0
-27317,0
-30489,0
-33867,0
-37819,0
-42048,0
-45828,0
-48583,0
-50303,0
-51187,0
-51384,0
-50965,0
-49718,0
-47644,0
-45068,0
-42374,0
-39960,0
-37704,0
-35300,0
-32920,0
-30979,0
-29903,0
-29765,0
-30200,0
-30857,0
-31528,0
-32176,0
-33003,0
-34061,0
-34967,0
-35299,0
-34990,0
-34496,0
-34365,0
-34593,0
-34787,0
-34500,0
-33620,0
-32666,0
-32176,0
-32183,0
-32303,0
-32120,0
-31694,0
-31523,0
-31949,0
-32726,0
-33289,0
-33342,0
-33102,0
-33045,0
-33216,0
-33181,0
-32810,0
-32309,0
-31980,0
-32217,0
-33125,0
-34364,0
-35504,0
-36593,0
-38214,0
-40698,0
-43605,0
-46205,0
-48050,0
-49095,0
-49769,0
-50597,0
-51610,0
-52364,0
-52417,0
-51841,0
-51191,0
-50792,0
-50381,0
-49528,0
-48042,0
-46157,0
-44387,0
-43029,0
-41980,0
-40929,0
-39719,0
-38601,0
-38018,0
-38010,0
-38170,0
-38284,0
-38427,0
-38835,0
-39757,0
-40961,0
-41866,0
-41947,0
-41099,0
-39851,0
-38641,0
-37428,0
-35951,0
-33852,0
-31263,0
-28925,0
-27424,0
-26727,0
-26247,0
-25602,0
-25028,0
-25000,0
-25935,0
-27641,0
-29479,0
-31099,0
-32479,0
-33813,0
-35145,0
-36150,0
-36458,0
-36003,0
-35265,0
-34689,0
-34215,0
-33621,0
-32650,0
-31328,0
-30089,0
-29203,0
-28665,0
-28283,0
-27870,0
-27684,0
-28220,0
-29643,0
-31655,0
-33652,0
-35038,0
-35760,0
-36332,0
-37033,0
-37629,0
-37745,0
-37221,0
-36406,0
-35974,0
-36236,0
-36891,0
-37475,0
-37865,0
-38356,0
-39310,0
-40824,0
-42632,0
-44312,0
-45738,0
-47157,0
-48659,0
-49901,0
-50575,0
-50650,0
-50235,0
-49655,0
-49066,0
-48164,0
-46649,0
-44418,0
-41683,0
-38937,0
-36453,0
-34174,0
-31770,0
-29049,0
-26480,0
-24628,0
-23742,0
-23733,0
-24044,0
-24178,0
-24219,0
-24693,0
-25878,0
-27392,0
-28715,0
-29589,0
-30269,0
-31333,0
-32785,0
-34220,0
-35300,0
-35845,0
-36211,0
-36802,0
-37491,0
-37948,0
-37924,0
-37567,0
-37369,0
-37675,0
-38358,0
-38791,0
-38619,0
-38174,0
-37952,0
-38165,0
-38515,0
-38429,0
-37697,0
-36787,0
-36380,0
-36638,0
-37166,0
-37435,0
-37269,0
-37093,0
-37390,0
-38131,0
-38871,0
-39187,0
-39068,0
-38853,0
-38906,0
-39258,0
-39547,0
-39605,0
-39656,0
-39922,0
-40554,0
-41415,0
-42086,0
-42362,0
-42434,0
-42704,0
-43275,0
-43845,0
-44075,0
-43751,0
-43087,0
-42568,0
-42332,0
-42149,0
-41578,0
-40381,0
-38905,0
-37728,0
-37092,0
-36604,0
-35676,0
-34282,0
-32991,0
-32450,0
-32684,0
-33105,0
-33241,0
-32970,0
-32754,0
-33205,0
-33999,0
-34504,0
-34542,0
-34145,0
-33733,0
-33601,0
-33465,0
-33009,0
-32148,0
-31192,0
-30581,0
-30309,0
-30039,0
-29456,0
-28646,0
-28198,0
-28567,0
-29582,0
-30676,0
-31301,0
-31368,0
-31436,0
-31970,0
-32609,0
-32792,0
-32350,0
-31449,0
-30692,0
-30598,0
-31052,0
-31644,0
-32169,0
-32875,0
-34041,0
-35774,0
-37908,0
-39925,0
-41737,0
-43568,0
-45442,0
-47250,0
-48647,0
-49383,0
-49500,0
-49248,0
-48951,0
-48551,0
-47860,0
-46823,0
-45480,0
-44201,0
-43373,0
-43030,0
-42916,0
-42642,0
-42139,0
-41726,0
-41752,0
-42269,0
-42808,0
-42894,0
-42524,0
-42104,0
-42112,0
-42456,0
-42554,0
-42101,0
-41285,0
-40552,0
-40205,0
-40017,0
-39463,0
-38252,0
-36563,0
-34763,0
-32921,0
-30862,0
-28533,0
-26095,0
-23920,0
-22354,0
-21235,0
-20163,0
-18961,0
-17752,0
-17046,0
-17247,0
-18221,0
-19534,0
-20693,0
-21702,0
-23120,0
-25190,0
-27579,0
-29642,0
-30878,0
-31497,0
-32184,0
-33356,0
-34828,0
-36048,0
-36774,0
-37316,0
-38116,0
-39415,0
-41058,0
-42697,0
-44203,0
-45781,0
-47731,0
-49921,0
-51905,0
-53313,0
-53938,0
-54082,0
-54090,0
-53730,0
-52665,0
-50740,0
-48222,0
-45850,0
-44089,0
-42802,0
-41473,0
-39721,0
-37836,0
-36445,0
-35871,0
-35818,0
-35585,0
-34825,0
-33872,0
-33403,0
-33698,0
-34276,0
-34527,0
-34208,0
-33566,0
-33244,0
-33443,0
-33703,0
-33612,0
-33121,0
-32631,0
-32628,0
-32993,0
-33208,0
-32918,0
-32204,0
-31542,0
-31299,0
-31293,0
-31019,0
-30276,0
-29438,0
-29136,0
-29677,0
-30706,0
-31646,0
-32242,0
-32747,0
-33754,0
-35342,0
-36923,0
-37992,0
-38366,0
-38405,0
-38676,0
-39110,0
-39183,0
-38574,0
-37473,0
-36359,0
-35515,0
-34853,0
-34059,0
-33038,0
-32047,0
-31488,0
-31551,0
-31948,0
-32370,0
-32846,0
-33619,0
-34978,0
-36857,0
-38866,0
-40662,0
-42063,0
-43276,0
-44650,0
-46167,0
-47552,0
-48459,0
-48748,0
-48765,0
-49013,0
-49640,0
-50295,0
-50544,0
-50326,0
-50040,0
-50237,0
-50898,0
-51418,0
-51311,0
-50470,0
-49232,0
-47950,0
-46480,0
-44465,0
-41702,0
-38531,0
-35648,0
-33222,0
-30925,0
-28534,0
-26111,0
-23983,0
-22494,0
-21626,0
-20997,0
-20306,0
-19621,0
-19355,0
-19889,0
-21100,0
-22431,0
-23323,0
-23694,0
-24072,0
-24845,0
-25829,0
-26598,0
-26795,0
-26580,0
-26557,0
-27097,0
-28045,0
-28914,0
-29501,0
-30042,0
-30794,0
-31883,0
-33176,0
-34388,0
-35392,0
-36235,0
-37069,0
-37895,0
-38573,0
-39026,0
-39227,0
-39478,0
-40070,0
-40818,0
-41506,0
-41908,0
-41917,0
-41893,0
-42086,0
-42484,0
-42851,0
-42720,0
-42192,0
-41962,0
-42512,0
-43723,0
-44993,0
-45707,0
-45681,0
-45494,0
-45839,0
-46493,0
-46803,0
-46350,0
-45226,0
-44184,0
-43673,0
-43371,0
-42764,0
-41535,0
-40091,0
-39196,0
-38903,0
-38788,0
-38541,0
-38184,0
-38135,0
-38726,0
-39751,0
-40501,0
-40505,0
-40123,0
-39967,0
-40299,0
-40826,0
-40788,0
-39756,0
-38180,0
-36808,0
-35831,0
-34871,0
-33477,0
-31442,0
-29246,0
-27671,0
-26804,0
-26232,0
-25531,0
-24641,0
-23982,0
-23972,0
-24725,0
-25817,0
-26865,0
-28009,0
-29432,0
-31338,0
-33621,0
-35776,0
-37623,0
-39249,0
-40928,0
-42871,0
-44790,0
-46296,0
-47169,0
-47572,0
-47993,0
-48560,0
-48975,0
-48837,0
-47925,0
-46497,0
-45148,0
-44232,0
-43430,0
-42114,0
-40063,0
-37658,0
-35582,0
-34189,0
-33200,0
-32207,0
-31147,0
-30348,0
-30189,0
-30621,0
-31178,0
-31495,0
-31674,0
-32012,0
-32606,0
-33233,0
-33454,0
-33183,0
-32762,0
-32490,0
-32462,0
-32371,0
-31781,0
-30778,0
-29825,0
-29268,0
-29067,0
-28854,0
-28206,0
-27120,0
-26204,0
-25942,0
-26216,0
-26648,0
-26890,0
-26961,0
-27402,0
-28640,0
-30561,0
-32697,0
-34642,0
-36416,0
-38165,0
-39960,0
-41788,0
-43439,0
-44803,0
-45864,0
-46694,0
-47397,0
-47750,0
-47609,0
-47208,0
-46831,0
-46628,0
-46563,0
-46536,0
-46352,0
-45945,0
-45728,0
-46057,0
-46851,0
-47786,0
-48355,0
-48419,0
-48332,0
-48423,0
-48764,0
-48915,0
-48255,0
-46646,0
-44571,0
-42728,0
-41191,0
-39540,0
-37479,0
-35053,0
-32860,0
-31446,0
-30684,0
-30136,0
-29493,0
-28890,0
-28752,0
-29222,0
-29917,0
-30204,0
-29847,0
-29208,0
-28814,0
-28797,0
-28616,0
-27745,0
-26314,0
-24921,0
-24263,0
-24386,0
-24562,0
-24255,0
-23657,0
-23510,0
-24370,0
-25915,0
-27331,0
-28167,0
-28678,0
-29439,0
-30633,0
-31855,0
-32531,0
-32436,0
-31930,0
-31576,0
-31557,0
-31619,0
-31524,0
-31459,0
-31760,0
-32544,0
-33657,0
-34748,0
-35629,0
-36428,0
-37440,0
-38738,0
-40007,0
-40875,0
-41137,0
-40973,0
-40765,0
-40763,0
-40972,0
-40978,0
-40465,0
-39712,0
-39213,0
-39254,0
-39763,0
-40286,0
-40286,0
-39855,0
-39787,0
-40508,0
-41655,0
-42669,0
-43070,0
-42960,0
-43085,0
-43665,0
-44200,0
-44262,0
-43774,0
-43169,0
-42973,0
-43165,0
-43268,0
-42929,0
-42358,0
-42033,0
-42202,0
-42667,0
-42866,0
-42548,0
-42097,0
-42146,0
-42903,0
-43789,0
-44139,0
-43823,0
-43295,0
-43140,0
-43338,0
-43379,0
-42786,0
-41549,0
-40278,0
-39528,0
-39256,0
-38977,0
-38292,0
-37370,0
-36588,0
-36141,0
-35991,0
-35775,0
-35424,0
-35223,0
-35336,0
-35869,0
-36459,0
-36598,0
-36269,0
-35758,0
-35376,0
-35055,0
-34607,0
-33800,0
-32502,0
-31179,0
-30140,0
-29369,0
-28749,0
-27910,0
-26794,0
-25759,0
-25380,0
-25844,0
-26517,0
-26862,0
-26781,0
-26625,0
-27109,0
-28314,0
-29712,0
-30911,0
-31853,0
-32954,0
-34684,0
-36817,0
-38765,0
-40281,0
-41409,0
-42449,0
-43601,0
-44558,0
-44962,0
-44764,0
-44326,0
-44147,0
-44238,0
-44141,0
-43369,0
-41946,0
-40488,0
-39454,0
-38796,0
-38066,0
-36753,0
-34948,0
-33293,0
-32345,0
-32057,0
-31745,0
-30971,0
-29965,0
-29204,0
-29061,0
-29349,0
-29479,0
-29247,0
-29008,0
-29203,0
-29937,0
-30970,0
-31991,0
-32922,0
-33914,0
-35131,0
-36473,0
-37522,0
-38081,0
-38301,0
-38417,0
-38671,0
-38944,0
-38860,0
-38272,0
-37360,0
-36591,0
-36357,0
-36589,0
-36863,0
-36771,0
-36352,0
-36148,0
-36568,0
-37479,0
-38367,0
-38664,0
-38316,0
-38054,0
-38488,0
-39369,0
-40088,0
-40293,0
-40158,0
-40296,0
-40946,0
-41714,0
-42164,0
-42214,0
-42205,0
-42518,0
-43128,0
-43599,0
-43542,0
-43106,0
-42730,0
-42622,0
-42575,0
-42116,0
-41017,0
-39560,0
-38394,0
-37894,0
-37686,0
-37298,0
-36546,0
-35694,0
-35462,0
-36080,0
-37085,0
-37901,0
-38202,0
-38201,0
-38361,0
-38806,0
-39191,0
-39075,0
-38447,0
-37646,0
-36920,0
-36281,0
-35546,0
-34591,0
-33514,0
-32555,0
-31888,0
-31331,0
-30607,0
-29705,0
-28784,0
-28140,0
-27857,0
-27702,0
-27498,0
-27204,0
-26991,0
-27136,0
-27839,0
-29035,0
-30258,0
-31228,0
-32184,0
-33493,0
-35313,0
-37354,0
-39092,0
-40209,0
-40874,0
-41728,0
-42996,0
-44178,0
-44787,0
-44657,0
-44225,0
-44153,0
-44380,0
-44456,0
-44026,0
-43086,0
-42182,0
-41650,0
-41296,0
-40737,0
-39744,0
-38612,0
-37781,0
-37404,0
-37175,0
-36490,0
-35260,0
-33970,0
-33125,0
-32861,0
-32733,0
-32187,0
-31129,0
-30058,0
-29609,0
-29755,0
-29938,0
-29678,0
-28971,0
-28407,0
-28461,0
-28974,0
-29452,0
-29580,0
-29542,0
-29726,0
-30351,0
-31265,0
-32035,0
-32578,0
-33166,0
-34021,0
-35159,0
-36215,0
-36857,0
-37181,0
-37517,0
-38176,0
-39095,0
-39911,0
-40394,0
-40618,0
-41016,0
-42016,0
-43568,0
-45238,0
-46560,0
-47428,0
-48195,0
-49285,0
-50695,0
-51881,0
-52228,0
-51596,0
-50498,0
-49596,0
-48882,0
-47821,0
-46027,0
-43642,0
-41395,0
-39815,0
-38673,0
-37530,0
-36177,0
-34835,0
-34053,0
-33981,0
-34123,0
-33918,0
-33295,0
-32782,0
-32895,0
-33399,0
-33566,0
-32944,0
-31680,0
-30419,0
-29745,0
-29512,0
-29002,0
-27807,0
-26348,0
-25448,0
-25466,0
-25966,0
-26297,0
-26237,0
-25997,0
-26077,0
-26733,0
-27575,0
-28149,0
-28465,0
-28802,0
-29411,0
-30341,0
-31371,0
-32259,0
-33042,0
-33942,0
-35177,0
-36649,0
-38029,0
-39180,0
-40110,0
-40971,0
-41900,0
-42800,0
-43487,0
-43684,0
-43394,0
-43039,0
-42817,0
-42603,0
-42132,0
-41108,0
-39656,0
-38372,0
-37731,0
-37635,0
-37603,0
-37330,0
-36978,0
-37155,0
-38200,0
-39628,0
-40826,0
-41559,0
-42063,0
-42879,0
-44008,0
-44913,0
-45250,0
-45100,0
-44913,0
-44995,0
-45091,0
-44714,0
-43729,0
-42564,0
-41710,0
-41257,0
-40822,0
-39846,0
-38253,0
-36560,0
-35342,0
-34734,0
-34341,0
-33667,0
-32621,0
-31681,0
-31441,0
-31924,0
-32613,0
-33035,0
-33132,0
-33266,0
-33738,0
-34468,0
-35123,0
-35353,0
-35262,0
-35194,0
-35212,0
-35220,0
-34993,0
-34438,0
-33758,0
-33178,0
-32846,0
-32546,0
-32044,0
-31488,0
-31100,0
-31178,0
-31721,0
-32306,0
-32589,0
-32441,0
-32215,0
-32401,0
-33066,0
-33915,0
-34386,0
-34319,0
-34254,0
-34718,0
-35749,0
-36819,0
-37355,0
-37268,0
-37008,0
-37209,0
-37811,0
-38154,0
-37882,0
-37128,0
-36441,0
-36206,0
-36209,0
-36050,0
-35504,0
-34817,0
-34543,0
-34818,0
-35272,0
-35566,0
-35743,0
-36178,0
-37225,0
-38737,0
-40119,0
-40961,0
-41372,0
-41770,0
-42507,0
-43482,0
-44056,0
-43757,0
-42873,0
-42133,0
-42031,0
-42389,0
-42624,0
-42337,0
-41676,0
-41237,0
-41385,0
-41877,0
-42180,0
-42053,0
-41690,0
-41410,0
-41398,0
-41453,0
-41213,0
-40634,0
-39878,0
-39196,0
-38645,0
-37902,0
-36835,0
-35632,0
-34568,0
-33888,0
-33494,0
-32987,0
-32107,0
-31044,0
-30234,0
-29913,0
-29954,0
-29932,0
-29483,0
-28700,0
-28075,0
-28026,0
-28390,0
-28586,0
-28240,0
-27562,0
-27233,0
-27661,0
-28511,0
-29235,0
-29538,0
-29578,0
-29960,0
-30957,0
-32128,0
-32957,0
-33323,0
-33585,0
-34242,0
-35295,0
-36239,0
-36693,0
-36739,0
-36734,0
-37053,0
-37680,0
-38157,0
-38191,0
-37997,0
-38158,0
-39065,0
-40451,0
-41734,0
-42541,0
-43069,0
-43988,0
-45563,0
-47226,0
-48254,0
-48461,0
-48198,0
-48004,0
-48062,0
-47875,0
-46867,0
-45109,0
-43160,0
-41492,0
-40107,0
-38676,0
-37021,0
-35262,0
-33804,0
-32984,0
-32510,0
-31968,0
-31328,0
-30769,0
-30697,0
-31242,0
-31944,0
-32389,0
-32474,0
-32452,0
-32836,0
-33756,0
-34781,0
-35418,0
-35541,0
-35529,0
-35920,0
-36901,0
-38116,0
-38874,0
-38897,0
-38638,0
-38672,0
-39170,0
-39748,0
-39824,0
-39323,0
-38772,0
-38676,0
-38978,0
-39266,0
-39200,0
-38776,0
-38464,0
-38577,0
