-33512,0
-33575,0
-33638,0
-33728,0
-33761,0
-33757,0
-33781,0
-33805,0
-33818,0
-33787,0
-33717,0
-33687,0
-33642,0
-33555,0
-33548,0
-33579,0
-33546,0
-33552,0
-33624,0
-33687,0
-33774,0
-33858,0
-33938,0
-34044,0
-34097,0
-34111,0
-34144,0
-34165,0
-34173,0
-34130,0
-34045,0
-33990,0
-33924,0
-33836,0
-33819,0
-33848,0
-33826,0
-33827,0
-33886,0
-33940,0
-34008,0
-34068,0
-34126,0
-34202,0
-34224,0
-34215,0
-34227,0
-34214,0
-34171,0
-34094,0
-33980,0
-33874,0
-33765,0
-33650,0
-33596,0
-33580,0
-33528,0
-33499,0
-33530,0
-33581,0
-33655,0
-33726,0
-33798,0
-33870,0
-33889,0
-33888,0
-33901,0
-33904,0
-33882,0
-33818,0
-33734,0
-33652,0
-33556,0
-33455,0
-33413,0
-33429,0
-33414,0
-33398,0
-33431,0
-33473,0
-33548,0
-33641,0
-33723,0
-33814,0
-33857,0
-33852,0
-33857,0
-33859,0
-33851,0
-33803,0
-33713,0
-33649,0
-33575,0
-33475,0
-33445,0
-33472,0
-33458,0
-33470,0
-33550,0
-33622,0
-33716,0
-33814,0
-33897,0
-33997,0
-34042,0
-34053,0
-34073,0
-34061,0
-34038,0
-33983,0
-33887,0
-33821,0
-33750,0
-33660,0
-33635,0
-33656,0
-33635,0
-33623,0
-33670,0
-33717,0
-33788,0
-33872,0
-33924,0
-33991,0
-34021,0
-33999,0
-34025,0
-34037,0
-33986,0
-33902,0
-33798,0
-33723,0
-33646,0
-33537,0
-33495,0
-33506,0
-33466,0
-33442,0
-33488,0
-33536,0
-33598,0
-33674,0
-33755,0
-33841,0
-33875,0
-33884,0
-33910,0
-33919,0
-33896,0
-33839,0
-33748,0
-33671,0
-33598,0
-33497,0
-33448,0
-33451,0
-33408,0
-33379,0
-33394,0
-33417,0
-33481,0
-33553,0
-33617,0
-33690,0
-33709,0
-33695,0
-33710,0
-33703,0
-33652,0
-33589,0
-33504,0
-33420,0
-33335,0
-33234,0
-33195,0
-33215,0
-33190,0
-33171,0
-33212,0
-33259,0
-33338,0
-33439,0
-33511,0
-33601,0
-33665,0
-33679,0
-33716,0
-33729,0
-33704,0
-33664,0
-33584,0
-33531,0
-33477,0
-33380,0
-33367,0
-33409,0
-33386,0
-33394,0
-33465,0
-33538,0
-33646,0
-33753,0
-33844,0
-33960,0
-34027,0
-34033,0
-34047,0
-34048,0
-34018,0
-33973,0
-33887,0
-33799,0
-33717,0
-33608,0
-33560,0
-33564,0
-33521,0
-33506,0
-33556,0
-33597,0
-33656,0
-33738,0
-33797,0
-33873,0
-33938,0
-33950,0
-33976,0
-33996,0
-33975,0
-33924,0
-33836,0
-33766,0
-33713,0
-33650,0
-33637,0
-33666,0
-33659,0
-33649,0
-33683,0
-33734,0
-33815,0
-33901,0
-33966,0
-34044,0
-34083,0
-34070,0
-34067,0
-34063,0
-34062,0
-34047,0
-33975,0
-33906,0
-33817,0
-33687,0
-33644,0
-33665,0
-33634,0
-33623,0
-33665,0
-33690,0
-33732,0
-33811,0
-33891,0
-33975,0
-34025,0
-34028,0
-34047,0
-34050,0
-34019,0
-33968,0
-33874,0
-33798,0
-33727,0
-33621,0
-33579,0
-33578,0
-33528,0
-33495,0
-33516,0
-33553,0
-33613,0
-33673,0
-33724,0
-33802,0
-33864,0
-33884,0
-33909,0
-33921,0
-33895,0
-33858,0
-33786,0
-33720,0
-33656,0
-33534,0
-33474,0
-33489,0
-33464,0
-33471,0
-33517,0
-33551,0
-33628,0
-33716,0
-33794,0
-33892,0
-33962,0
-33989,0
-34022,0
-34047,0
-34037,0
-33986,0
-33892,0
-33810,0
-33733,0
-33628,0
-33585,0
-33600,0
-33560,0
-33529,0
-33575,0
-33629,0
-33698,0
-33778,0
-33840,0
-33912,0
-33957,0
-33962,0
-33976,0
-33982,0
-33952,0
-33876,0
-33765,0
-33679,0
-33604,0
-33483,0
-33422,0
-33462,0
-33459,0
-33451,0
-33516,0
-33565,0
-33631,0
-33730,0
-33810,0
-33917,0
-33983,0
-33975,0
-34000,0
-34008,0
-33967,0
-33918,0
-33826,0
-33743,0
-33674,0
-33575,0
-33543,0
-33581,0
-33578,0
-33576,0
-33627,0
-33685,0
-33770,0
-33858,0
-33929,0
-34024,0
-34074,0
-34071,0
-34078,0
-34061,0
-34024,0
-33967,0
-33869,0
-33785,0
-33705,0
-33600,0
-33538,0
-33536,0
-33508,0
-33476,0
-33500,0
-33529,0
-33586,0
-33665,0
-33717,0
-33796,0
-33852,0
-33845,0
-33858,0
-33848,0
-33796,0
-33741,0
-33649,0
-33570,0
-33508,0
-33407,0
-33362,0
-33382,0
-33359,0
-33336,0
-33376,0
-33429,0
-33493,0
-33573,0
-33644,0
-33730,0
-33787,0
-33805,0
-33865,0
-33883,0
-33848,0
-33817,0
-33733,0
-33665,0
-33620,0
-33523,0
-33475,0
-33490,0
-33467,0
-33452,0
-33500,0
-33548,0
-33603,0
-33684,0
-33767,0
-33871,0
-33937,0
-33936,0
-33960,0
-33981,0
-33949,0
-33903,0
-33831,0
-33739,0
-33651,0
-33557,0
-33505,0
-33519,0
-33501,0
-33474,0
-33513,0
-33559,0
-33633,0
-33743,0
-33843,0
-33943,0
-34001,0
-34006,0
-34021,0
-34045,0
-34045,0
-33994,0
-33899,0
-33817,0
-33733,0
-33633,0
-33589,0
-33593,0
-33548,0
-33497,0
-33528,0
-33580,0
-33642,0
-33735,0
-33814,0
-33896,0
-33951,0
-33967,0
-34003,0
-34006,0
-33964,0
-33910,0
-33812,0
-33735,0
-33689,0
-33614,0
-33562,0
-33565,0
-33555,0
-33540,0
-33563,0
-33586,0
-33648,0
-33745,0
-33811,0
-33894,0
-33937,0
-33912,0
-33921,0
-33923,0
-33894,0
-33849,0
-33748,0
-33644,0
-33550,0
-33457,0
-33409,0
-33408,0
-33405,0
-33391,0
-33421,0
-33487,0
-33558,0
-33638,0
-33719,0
-33793,0
-33834,0
-33837,0
-33843,0
-33839,0
-33813,0
-33758,0
-33664,0
-33592,0
-33528,0
-33440,0
-33406,0
-33427,0
-33415,0
-33406,0
-33472,0
-33545,0
-33613,0
-33711,0
-33800,0
-33891,0
-33952,0
-33961,0
-33984,0
-33992,0
-33975,0
-33947,0
-33877,0
-33816,0
-33749,0
-33644,0
-33600,0
-33616,0
-33592,0
-33560,0
-33581,0
-33617,0
-33674,0
-33751,0
-33811,0
-33878,0
-33921,0
-33931,0
-33962,0
-33974,0
-33950,0
-33905,0
-33809,0
-33730,0
-33692,0
-33611,0
-33546,0
-33548,0
-33510,0
-33475,0
-33529,0
-33574,0
-33626,0
-33719,0
-33805,0
-33925,0
-34020,0
-34046,0
-34089,0
-34117,0
-34121,0
-34110,0
-34025,0
-33942,0
-33870,0
-33741,0
-33657,0
-33643,0
-33598,0
-33555,0
-33563,0
-33587,0
-33658,0
-33747,0
-33802,0
-33876,0
-33927,0
-33931,0
-33936,0
-33916,0
-33886,0
-33836,0
-33714,0
-33605,0
-33524,0
-33424,0
-33354,0
-33334,0
-33299,0
-33270,0
-33308,0
-33362,0
-33435,0
-33540,0
-33634,0
-33743,0
-33813,0
-33819,0
-33848,0
-33860,0
-33833,0
-33799,0
-33729,0
-33658,0
-33595,0
-33492,0
-33429,0
-33428,0
-33396,0
-33371,0
-33418,0
-33469,0
-33529,0
-33609,0
-33675,0
-33754,0
-33813,0
-33822,0
-33836,0
-33850,0
-33840,0
-33800,0
-33705,0
-33609,0
-33544,0
-33465,0
-33425,0
-33449,0
-33445,0
-33434,0
-33476,0
-33525,0
-33601,0
-33707,0
-33791,0
-33891,0
-33972,0
-33992,0
-34016,0
-34033,0
-34017,0
-33977,0
-33902,0
-33831,0
-33764,0
-33666,0
-33608,0
-33622,0
-33614,0
-33593,0
-33631,0
-33681,0
-33742,0
-33831,0
-33913,0
-34004,0
-34066,0
-34066,0
-34079,0
-34094,0
-34072,0
-34031,0
-33964,0
-33905,0
-33839,0
-33726,0
-33658,0
-33661,0
-33630,0
-33595,0
-33619,0
-33648,0
-33701,0
-33785,0
-33854,0
-33941,0
-33994,0
-33993,0
-34016,0
-34028,0
-34006,0
-33965,0
-33883,0
-33816,0
-33765,0
-33671,0
-33602,0
-33598,0
-33568,0
-33538,0
-33584,0
-33630,0
-33689,0
-33776,0
-33826,0
-33898,0
-33964,0
-33957,0
-33948,0
-33948,0
-33923,0
-33877,0
-33795,0
-33708,0
-33635,0
-33543,0
-33485,0
-33494,0
-33478,0
-33442,0
-33470,0
-33526,0
-33604,0
-33710,0
-33789,0
-33876,0
-33965,0
-34003,0
-34030,0
-34040,0
-34015,0
-33970,0
-33887,0
-33806,0
-33747,0
-33660,0
-33588,0
-33581,0
-33559,0
-33527,0
-33571,0
-33636,0
-33704,0
-33797,0
-33867,0
-33948,0
-34021,0
-34033,0
-34043,0
-34035,0
-33980,0
-33919,0
-33824,0
-33720,0
-33647,0
-33550,0
-33474,0
-33476,0
-33469,0
-33447,0
-33496,0
-33570,0
-33650,0
-33771,0
-33854,0
-33937,0
-34026,0
-34026,0
-34039,0
-34063,0
-34018,0
-33981,0
-33929,0
-33842,0
-33756,0
-33662,0
-33606,0
-33592,0
-33564,0
-33536,0
-33565,0
-33619,0
-33670,0
-33746,0
-33812,0
-33858,0
-33909,0
-33935,0
-33940,0
-33922,0
-33877,0
-33834,0
-33752,0
-33650,0
-33581,0
-33499,0
-33434,0
-33419,0
-33395,0
-33385,0
-33413,0
-33437,0
-33484,0
-33559,0
-33622,0
-33687,0
-33725,0
-33731,0
-33742,0
-33731,0
-33704,0
-33666,0
-33573,0
-33488,0
-33444,0
-33373,0
-33321,0
-33337,0
-33341,0
-33315,0
-33344,0
-33415,0
-33497,0
-33590,0
-33661,0
-33745,0
-33819,0
-33831,0
-33856,0
-33902,0
-33898,0
-33830,0
-33730,0
-33655,0
-33586,0
-33467,0
-33369,0
-33366,0
-33363,0
-33341,0
-33379,0
-33421,0
-33458,0
-33539,0
-33624,0
-33708,0
-33774,0
-33787,0
-33795,0
-33806,0
-33790,0
-33738,0
-33652,0
-33557,0
-33469,0
-33379,0
-33308,0
-33292,0
-33280,0
-33262,0
-33317,0
-33406,0
-33509,0
-33639,0
-33727,0
-33815,0
-33907,0
-33944,0
-33979,0
-33996,0
-33982,0
-33966,0
-33882,0
-33790,0
-33751,0
-33668,0
-33586,0
-33580,0
-33567,0
-33555,0
-33608,0
-33657,0
-33713,0
-33808,0
-33876,0
-33952,0
-34028,0
-34033,0
-34037,0
-34036,0
-33997,0
-33966,0
-33901,0
-33813,0
-33751,0
-33680,0
-33625,0
-33630,0
-33643,0
-33636,0
-33663,0
-33712,0
-33782,0
-33871,0
-33931,0
-34012,0
-34079,0
-34075,0
-34092,0
-34118,0
-34099,0
-34057,0
-33966,0
-33874,0
-33822,0
-33738,0
-33661,0
-33659,0
-33639,0
-33583,0
-33590,0
-33620,0
-33654,0
-33720,0
-33791,0
-33876,0
-33934,0
-33945,0
-33974,0
-33989,0
-33972,0
-33955,0
-33891,0
-33807,0
-33739,0
-33655,0
-33604,0
-33607,0
-33592,0
-33554,0
-33564,0
-33609,0
-33675,0
-33769,0
-33853,0
-33937,0
-34016,0
-34045,0
-34056,0
-34064,0
-34062,0
-34041,0
-33961,0
-33877,0
-33821,0
-33719,0
-33626,0
-33600,0
-33560,0
-33522,0
-33540,0
-33567,0
-33614,0
-33695,0
-33765,0
-33852,0
-33944,0
-33965,0
-33955,0
-33945,0
-33915,0
-33877,0
-33795,0
-33697,0
-33622,0
-33511,0
-33413,0
-33400,0
-33403,0
-33388,0
-33422,0
-33480,0
-33548,0
-33644,0
-33723,0
-33819,0
-33900,0
-33911,0
-33933,0
-33938,0
-33902,0
-33850,0
-33761,0
-33690,0
-33638,0
-33559,0
-33506,0
-33502,0
-33490,0
-33471,0
-33513,0
-33581,0
-33654,0
-33749,0
-33808,0
-33871,0
-33952,0
-33980,0
-33995,0
-33991,0
-33946,0
-33901,0
-33826,0
-33737,0
-33660,0
-33545,0
-33447,0
-33430,0
-33410,0
-33365,0
-33376,0
-33411,0
-33460,0
-33559,0
-33649,0
-33718,0
-33763,0
-33771,0
-33786,0
-33789,0
-33774,0
-33755,0
-33674,0
-33583,0
-33521,0
-33434,0
-33370,0
-33363,0
-33346,0
-33325,0
-33360,0
-33418,0
-33492,0
-33592,0
-33667,0
-33758,0
-33868,0
-33928,0
-33973,0
-34009,0
-34004,0
-33989,0
-33944,0
-33875,0
-33829,0
-33762,0
-33689,0
-33681,0
-33678,0
-33645,0
-33660,0
-33702,0
-33753,0
-33842,0
-33915,0
-33998,0
-34084,0
-34089,0
-34092,0
-34121,0
-34115,0
-34092,0
-34012,0
-33907,0
-33849,0
-33768,0
-33673,0
-33665,0
-33671,0
-33612,0
-33593,0
-33624,0
-33678,0
-33769,0
-33824,0
-33868,0
-33923,0
-33928,0
-33935,0
-33937,0
-33896,0
-33853,0
-33770,0
-33666,0
-33587,0
-33485,0
-33399,0
-33388,0
-33376,0
-33334,0
-33351,0
-33396,0
-33456,0
-33569,0
-33671,0
-33777,0
-33878,0
-33899,0
-33896,0
-33911,0
-33903,0
-33883,0
-33854,0
-33806,0
-33773,0
-33722,0
-33671,0
-33683,0
-33680,0
-33650,0
-33681,0
-33716,0
-33747,0
-33816,0
-33855,0
-33875,0
-33897,0
-33871,0
-33840,0
-33837,0
-33815,0
-33782,0
-33709,0
-33610,0
-33567,0
-33511,0
-33439,0
-33455,0
-33489,0
-33486,0
-33517,0
-33578,0
-33627,0
-33683,0
-33755,0
-33844,0
-33905,0
-33896,0
-33878,0
-33870,0
-33824,0
-33765,0
-33694,0
-33609,0
-33555,0
-33478,0
-33403,0
-33418,0
-33405,0
-33385,0
-33437,0
-33441,0
-33487,0
-33637,0
-33726,0
-33780,0
-33867,0
-33906,0
-33904,0
-33918,0
-33912,0
-33871,0
-33806,0
-33726,0
-33664,0
-33591,0
-33505,0
-33486,0
-33496,0
-33472,0
-33503,0
-33582,0
-33657,0
-33751,0
-33829,0
-33918,0
-34008,0
-34031,0
-34046,0
-34054,0
-34029,0
-33999,0
-33932,0
-33853,0
-33792,0
-33706,0
-33623,0
-33608,0
-33599,0
-33552,0
-33557,0
-33593,0
-33635,0
-33720,0
-33790,0
-33864,0
-33933,0
-33939,0
-33942,0
-33938,0
-33897,0
-33841,0
-33727,0
-33591,0
-33523,0
-33459,0
-33366,0
-33331,0
-33319,0
-33269,0
-33287,0
-33361,0
-33428,0
-33522,0
-33603,0
-33691,0
-33781,0
-33820,0
-33852,0
-33872,0
-33862,0
-33838,0
-33785,0
-33722,0
-33674,0
-33600,0
-33505,0
-33488,0
-33506,0
-33480,0
-33510,0
-33575,0
-33634,0
-33736,0
-33831,0
-33938,0
-34046,0
-34080,0
-34099,0
-34135,0
-34159,0
-34145,0
-34064,0
-33966,0
-33892,0
-33801,0
-33706,0
-33673,0
-33660,0
-33623,0
-33636,0
-33686,0
-33743,0
-33825,0
-33886,0
-33953,0
-34032,0
-34052,0
-34044,0
-34043,0
-34016,0
-33957,0
-33885,0
-33806,0
-33719,0
-33619,0
-33508,0
-33456,0
-33439,0
-33388,0
-33384,0
-33404,0
-33426,0
-33509,0
-33574,0
-33652,0
-33756,0
-33761,0
-33752,0
-33776,0
-33753,0
-33721,0
-33680,0
-33603,0
-33511,0
-33384,0
-33305,0
-33339,0
-33347,0
-33326,0
-33395,0
-33480,0
-33552,0
-33669,0
-33775,0
-33864,0
-33938,0
-33975,0
-34014,0
-34035,0
-34009,0
-33983,0
-33929,0
-33838,0
-33782,0
-33729,0
-33648,0
-33610,0
-33587,0
-33561,0
-33605,0
-33662,0
-33702,0
-33787,0
-33855,0
-33921,0
-34022,0
-34071,0
-34100,0
-34129,0
-34109,0
-34086,0
-34037,0
-33950,0
-33883,0
-33782,0
-33681,0
-33664,0
-33659,0
-33632,0
-33627,0
-33644,0
-33676,0
-33745,0
-33836,0
-33917,0
-33989,0
-34018,0
-34015,0
-34042,0
-34043,0
-33994,0
-33921,0
-33822,0
-33762,0
-33712,0
-33637,0
-33630,0
-33626,0
-33570,0
-33584,0
-33634,0
-33678,0
-33772,0
-33845,0
-33911,0
-34006,0
-34034,0
-34019,0
-34002,0
-33974,0
-33934,0
-33849,0
-33744,0
-33661,0
-33567,0
-33463,0
-33419,0
-33418,0
-33387,0
-33390,0
-33438,0
-33494,0
-33588,0
-33662,0
-33726,0
-33815,0
-33839,0
-33836,0
-33854,0
-33845,0
-33812,0
-33734,0
-33647,0
-33591,0
-33509,0
-33421,0
-33391,0
-33369,0
-33304,0
-33298,0
-33363,0
-33431,0
-33517,0
-33586,0
-33664,0
-33744,0
-33761,0
-33783,0
-33814,0
-33786,0
-33739,0
-33686,0
-33610,0
-33535,0
-33449,0
-33364,0
-33338,0
-33321,0
-33278,0
-33295,0
-33352,0
-33401,0
-33490,0
-33583,0
-33659,0
-33743,0
-33781,0
-33798,0
-33840,0
-33856,0
-33850,0
-33815,0
-33722,0
-33642,0
-33582,0
-33505,0
-33486,0
-33505,0
-33484,0
-33503,0
-33563,0
-33634,0
-33736,0
-33808,0
-33868,0
-33942,0
-33968,0
-33968,0
-33981,0
-33972,0
-33935,0
-33865,0
-33776,0
-33719,0
-33644,0
-33537,0
-33499,0
-33509,0
-33517,0
-33552,0
-33601,0
-33659,0
-33746,0
-33839,0
-33924,0
-34016,0
-34072,0
-34080,0
-34108,0
-34118,0
-34080,0
-34023,0
-33928,0
-33834,0
-33761,0
-33670,0
-33629,0
-33644,0
-33604,0
-33579,0
-33622,0
-33673,0
-33763,0
-33838,0
-33882,0
-33947,0
-33957,0
-33952,0
-33977,0
-33963,0
-33926,0
-33856,0
-33749,0
-33679,0
-33607,0
-33513,0
-33471,0
-33458,0
-33419,0
-33416,0
-33466,0
-33533,0
-33627,0
-33707,0
-33789,0
-33903,0
-33959,0
-33967,0
-33987,0
-33993,0
-33994,0
-33955,0
-33871,0
-33810,0
-33738,0
-33645,0
-33617,0
-33621,0
-33591,0
-33582,0
-33612,0
-33668,0
-33771,0
-33865,0
-33936,0
-34014,0
-34056,0
-34066,0
-34082,0
-34069,0
-34031,0
-33967,0
-33860,0
-33779,0
-33694,0
-33569,0
-33501,0
-33486,0
-33455,0
-33459,0
-33507,0
-33566,0
-33651,0
-33739,0
-33826,0
-33926,0
-33976,0
-33973,0
-33968,0
-33936,0
-33885,0
-33830,0
-33756,0
-33686,0
-33609,0
-33512,0
-33468,0
-33487,0
-33489,0
-33494,0
-33527,0
-33567,0
-33651,0
-33760,0
-33856,0
-33936,0
-33965,0
-33974,0
-34007,0
-34015,0
-33997,0
-33940,0
-33817,0
-33720,0
-33645,0
-33553,0
-33520,0
-33507,0
-33462,0
-33463,0
-33516,0
-33575,0
-33658,0
-33730,0
-33796,0
-33929,0
-34029,0
-34038,0
-34042,0
-34015,0
-33982,0
-33953,0
-33870,0
-33803,0
-33739,0
-33635,0
-33605,0
-33618,0
-33583,0
-33593,0
-33635,0
-33659,0
-33727,0
-33812,0
-33893,0
-33976,0
-34006,0
-34013,0
-34040,0
-34047,0
-34023,0
-33971,0
-33881,0
-33786,0
-33704,0
-33625,0
-33602,0
-33604,0
-33562,0
-33541,0
-33565,0
-33618,0
-33707,0
-33774,0
-33826,0
-33894,0
-33927,0
-33948,0
-33968,0
-33936,0
-33878,0
-33803,0
-33710,0
-33644,0
-33572,0
-33458,0
-33377,0
-33358,0
-33331,0
-33320,0
-33341,0
-33360,0
-33424,0
-33507,0
-33577,0
-33660,0
-33704,0
-33699,0
-33705,0
-33720,0
-33709,0
-33650,0
-33555,0
-33476,0
-33397,0
-33300,0
-33251,0
-33250,0
-33229,0
-33229,0
-33273,0
-33334,0
-33430,0
-33506,0
-33571,0
-33673,0
-33734,0
-33767,0
-33807,0
-33800,0
-33762,0
-33696,0
-33601,0
-33559,0
-33528,0
-33428,0
-33379,0
-33399,0
-33375,0
-33395,0
-33464,0
-33484,0
-33550,0
-33649,0
-33727,0
-33840,0
-33910,0
-33917,0
-33936,0
-33949,0
-33947,0
-33913,0
-33830,0
-33763,0
-33714,0
-33624,0
-33572,0
-33603,0
-33605,0
-33587,0
-33621,0
-33694,0
-33786,0
-33855,0
-33896,0
-33958,0
-34017,0
-34018,0
-34020,0
-34042,0
-34016,0
-33940,0
-33837,0
-33767,0
-33714,0
-33616,0
-33555,0
-33552,0
-33524,0
-33531,0
-33592,0
-33647,0
-33715,0
-33803,0
-33897,0
-33989,0
-34037,0
-34045,0
-34042,0
-34027,0
-34015,0
-33981,0
-33890,0
-33803,0
-33736,0
-33636,0
-33574,0
-33569,0
-33531,0
-33509,0
-33534,0
-33565,0
-33645,0
-33749,0
-33835,0
-33910,0
-33947,0
-33974,0
-34014,0
-34016,0
-34000,0
-33962,0
-33859,0
-33774,0
-33716,0
-33616,0
-33558,0
-33555,0
-33508,0
-33491,0
-33544,0
-33595,0
-33678,0
-33762,0
-33834,0
-33956,0
-34041,0
-34070,0
-34100,0
-34097,0
-34078,0
-34034,0
-33942,0
-33867,0
-33775,0
-33638,0
-33557,0
-33546,0
-33510,0
-33461,0
-33473,0
-33516,0
-33565,0
-33628,0
-33678,0
-33734,0
-33772,0
-33761,0
-33755,0
-33766,0
-33760,0
-33698,0
-33595,0
-33526,0
-33484,0
-33421,0
-33401,0
-33434,0
-33428,0
-33432,0
-33501,0
-33583,0
-33684,0
-33790,0
-33876,0
-33955,0
-34004,0
-34021,0
-34030,0
-34023,0
-33994,0
-33937,0
-33827,0
-33737,0
-33676,0
-33564,0
-33501,0
-33516,0
-33499,0
-33502,0
-33544,0
-33594,0
-33693,0
-33793,0
-33865,0
-33949,0
-33989,0
-33973,0
-33977,0
-33983,0
-33945,0
-33878,0
-33779,0
-33687,0
-33616,0
-33521,0
-33479,0
-33499,0
-33459,0
-33444,0
-33530,0
-33601,0
-33670,0
-33761,0
-33829,0
-33915,0
-33988,0
-34014,0
-34046,0
-34060,0
-34045,0
-34003,0
-33926,0
-33871,0
-33811,0
-33703,0
-33642,0
-33643,0
-33621,0
-33607,0
-33639,0
-33680,0
-33748,0
-33821,0
-33884,0
-33972,0
-34014,0
-34000,0
-33999,0
-33989,0
-33979,0
-33957,0
-33864,0
-33785,0
-33726,0
-33622,0
-33580,0
-33594,0
-33542,0
-33498,0
-33518,0
-33562,0
-33648,0
-33727,0
-33782,0
-33866,0
-33924,0
-33936,0
-33942,0
-33928,0
-33895,0
-33837,0
-33754,0
-33696,0
-33627,0
-33503,0
-33428,0
-33420,0
-33391,0
-33379,0
-33415,0
-33462,0
-33535,0
-33617,0
-33682,0
-33770,0
-33841,0
-33849,0
-33855,0
-33855,1
-33835,1
-33794,1
-33704,1
-33623,1
-33565,1
-33510,1
-33574,1
-33848,1
-34358,1
-35332,1
-37103,1
-39935,1
-44149,1
-49953,1
-57425,1
-66647,1
-77378,1
-89077,1
-101053,1
-112217,1
-121162,1
-126371,1
-126380,1
-120174,1
-107269,1
-87853,1
-63034,1
-34337,1
-3356,1
28176,1
58674,1
86756,1
111098,1
130544,1
144095,1
150934,1
150662,1
143314,1
129240,1
109233,1
84456,1
56277,1
26301,1
-3894,1
-32764,1
-58839,1
-81132,1
-99016,1
-112198,1
-120858,1
-125383,1
-126243,0
-124012,0
-119324,0
-112875,0
-105470,0
-97835,0
-90459,0
-83648,0
-77353,0
-71276,0
-65223,0
-59124,0
-53151,0
-47604,0
-42692,0
-38659,0
-35592,0
-33344,0
-31936,0
-31349,0
-31413,0
-32086,0
-33143,0
-34419,0
-36012,0
-37769,0
-39745,0
-42192,0
-44996,0
-48023,0
-51055,0
-53660,0
-55461,0
-56094,0
-55345,0
-53252,0
-49949,0
-45581,0
-40390,0
-34701,0
-28752,0
-22798,0
-17149,0
-12085,0
-7896,0
-4764,0
-2862,0
-2352,0
-3186,0
-5285,0
-8479,0
-12447,0
-16937,0
-21573,0
-25821,0
-29345,0
-31903,0
-33202,0
-33179,0
-31960,0
-29662,0
-26562,0
-23107,0
-19777,0
-17109,0
-15590,0
-15556,0
-17253,0
-20721,0
-25836,0
-32393,0
-40039,0
-48395,0
-56953,0
-65099,0
-72407,0
-78474,0
-82822,0
-85153,0
-85313,0
-83153,0
-78673,0
-72046,0
-63561,0
-53689,0
-42884,0
-31675,0
-20841,0
-10986,0
-2547,0
4100,0
8860,0
11726,0
12770,0
12266,0
10344,0
7139,0
3034,0
-1739,0
-7019,0
-12504,0
-18049,0
-23549,0
-28796,0
-33686,0
-38076,0
-41745,0
-44564,0
-46332,0
-46869,0
-46164,0
-44266,0
-41456,0
-38162,0
-34800,0
-31946,0
-30070,0
-29399,0
-30136,0
-32323,0
-35760,0
-40180,0
-45224,0
-50478,0
-55565,0
-59999,0
-63281,0
-65111,0
-65273,0
-63658,0
-60309,0
-55404,0
-49269,0
-42155,0
-34250,0
-25874,0
-17388,0
-9141,0
-1667,0
4364,0
8430,0
10147,0
9349,0
6162,0
826,0
-6198,0
-14327,0
-23130,0
-32179,0
-41053,0
-49444,0
-57054,0
-63663,0
-69039,0
-72868,0
-75020,0
-75417,0
-73904,0
-70568,0
-65675,0
-59468,0
-52329,0
-44678,0
-36860,0
-29262,0
-22199,0
-15966,0
-10986,0
-7574,0
-5894,0
-5967,0
-7600,0
-10542,0
-14447,0
-18928,0
-23780,0
-28843,0
-33886,0
-38765,0
-43388,0
-47535,0
-51008,0
-53621,0
-55106,0
-55307,0
-54130,0
-51542,0
-47730,0
-42941,0
-37476,0
-31705,0
-25976,0
-20682,0
-16145,0
-12514,0
-9976,0
-8669,0
-8493,0
-9402,0
-11416,0
-14378,0
-18122,0
-22451,0
-27058,0
-31681,0
-35971,0
-39553,0
-42255,0
-43922,0
-44480,0
-44036,0
-42745,0
-40934,0
-38929,0
-37000,0
-35534,0
-34754,0
-34649,0
-35183,0
-36277,0
-37740,0
-39334,0
-40898,0
-42296,0
-43405,0
-44147,0
-44474,0
-44409,0
-43897,0
-42952,0
-41652,0
-39872,0
-37836,0
-35606,0
-32846,0
-29926,0
-26980,0
-23618,0
-20087,0
-16885,0
-14418,0
-12985,0
-12824,0
-14224,0
-17096,0
-20946,0
-25261,0
-29596,0
-33462,0
-36493,0
-38599,0
-39805,0
-40318,0
-40480,0
-40628,0
-41137,0
-42263,0
-43997,0
-46171,0
-48486,0
-50528,0
-51968,0
-52624,0
-52441,0
-51531,0
-49929,0
-47575,0
-44518,0
-40787,0
-36462,0
-31764,0
-26983,0
-22483,0
-18502,0
-15189,0
-12779,0
-11485,0
-11396,0
-12573,0
-15026,0
-18480,0
-22565,0
-26965,0
-31300,0
-35322,0
-38859,0
-41754,0
-44009,0
-45627,0
-46627,0
-47068,0
-47029,0
-46700,0
-46163,0
-45373,0
-44356,0
-43071,0
-41291,0
-38894,0
-35944,0
-32484,0
-28666,0
-24753,0
-20975,0
-17676,0
-15187,0
-13714,0
-13522,0
-14724,0
-17216,0
-20805,0
-25174,0
-30051,0
-35147,0
-40069,0
-44543,0
-48334,0
-51092,0
-52586,0
-52804,0
-51813,0
-49792,0
-47026,0
-43822,0
-40486,0
-37216,0
-34146,0
-31439,0
-29187,0
-27460,0
-26362,0
-26027,0
-26735,0
-28741,0
-32177,0
-37258,0
-44156,0
-52861,0
-63368,0
-75619,0
-89244,0
-103581,0
-117696,0
-130311,0
-140015,0
-145409,0
-145213,0
-138617,0
-125281,0
-105331,0
-79496,0
-48921,0
-15091,0
20343,0
55749,0
89388,0
119613,0
145073,0
164429,0
176461,0
180443,0
176088,0
163673,0
144116,0
118741,0
89279,0
57682,0
25846,0
-4411,0
-31557,0
-54489,0
-72589,0
-85770,0
-94226,0
-98293,0
-98534,0
-95642,0
-90355,0
-83599,0
-76468,0
-69881,0
-64472,0
-60572,0
-58164,0
-57045,0
-56847,0
-57096,0
-57504,0
-57868,0
-58041,0
-58100,0
-58224,0
-58679,0
-59716,0
-61391,0
-63734,0
-66734,0
-70179,0
-73900,0
-77869,0
-81896,0
-85749,0
-89188,0
-91754,0
-93018,0
-92548,0
-89966,0
-85264,0
-78649,0
-70590,0
-61792,0
-52997,0
-44979,0
-38293,0
-33145,0
-29550,0
-27283,0
-25772,0
-24392,0
-22667,0
-20137,0
-16600,0
-12182,0
-7155,0
-2041,0
2600,0
6278,0
8474,0
8856,0
7318,0
3942,0
-886,0
-6645,0
-12690,0
-18287,0
-22957,0
-26423,0
-28416,0
-28877,0
-28045,0
-26150,0
-23501,0
-20635,0
-18086,0
-16476,0
-16435,0
-18424,0
-22859,0
-29829,0
-38939,0
-49511,0
-60527,0
-70895,0
-79625,0
-85758,0
-88721,0
-88306,0
-84394,0
-77224,0
-67442,0
-55756,0
-42994,0
-30123,0
-18017,0
-7538,0
583,0
5875,0
7992,0
6930,0
3084,0
-2963,0
-10428,0
-18524,0
-26506,0
-33623,0
-39382,0
-43460,0
-45483,0
-45317,0
-43147,0
-39231,0
-34014,0
-28137,0
-22233,0
-16965,0
-12853,0
-10193,0
-9183,0
-9730,0
-11547,0
-14272,0
-17440,0
-20778,0
-24089,0
-27139,0
-29945,0
-32650,0
-35256,0
-37913,0
-40914,0
-44309,0
-48104,0
-52277,0
-56548,0
-60551,0
-63794,0
-65749,0
-66074,0
-64553,0
-61219,0
-56376,0
-50363,0
-43561,0
-36256,0
-28524,0
-20480,0
-12327,0
-4265,0
3306,0
9736,0
14467,0
16982,0
16748,0
13546,0
7349,0
-1612,0
-12773,0
-25506,0
-39030,0
-52497,0
-65110,0
-76087,0
-84824,0
-90835,0
-93749,0
-93481,0
-90201,0
-84186,0
-75912,0
-66084,0
-55364,0
-44417,0
-33925,0
-24428,0
-16448,0
-10398,0
-6483,0
-4859,0
-5502,0
-8093,0
-12203,0
-17334,0
-22905,0
-28326,0
-33080,0
-36859,0
-39490,0
-40757,0
-40635,0
-39400,0
-37286,0
-34570,0
-31694,0
-28998,0
-26769,0
-25193,0
-24323,0
-24308,0
-25162,0
-26767,0
-29020,0
-31596,0
-34139,0
-36310,0
-37715,0
-38183,0
-37702,0
-36274,0
-34048,0
-31285,0
-28168,0
-24937,0
-21872,0
-19143,0
-17007,0
-15690,0
-15341,0
-16190,0
-18325,0
-21689,0
-26114,0
-31234,0
-36658,0
-41924,0
-46470,0
-49961,0
-52241,0
-53127,0
-52673,0
-51167,0
-48830,0
-45916,0
-42714,0
-39449,0
-36377,0
-33716,0
-31598,0
-30214,0
-29714,0
-30077,0
-31250,0
-33113,0
-35481,0
-38128,0
-40725,0
-43017,0
-44791,0
-45729,0
-45614,0
-44441,0
-42244,0
-39177,0
-35576,0
-31777,0
-28191,0
-25196,0
-23029,0
-21957,0
-22090,0
-23374,0
-25730,0
-28958,0
-32866,0
-37209,0
-41560,0
-45575,0
-49009,0
-51557,0
-53039,0
-53472,0
-52852,0
-51229,0
-48738,0
-45530,0
-41866,0
-37969,0
-33997,0
-30159,0
-26579,0
-23336,0
-20556,0
-18335,0
-16742,0
-15802,0
-15379,0
-15290,0
-15411,0
-15552,0
-15578,0
-15542,0
-15520,0
-15587,0
-15887,0
-16546,0
-17680,0
-19385,0
-21644,0
-24434,0
-27624,0
-30947,0
-34221,0
-37238,0
-39865,0
-42078,0
-43774,0
-44951,0
-45629,0
-45717,0
-45222,0
-44273,0
-42999,0
-41569,0
-40164,0
-38816,0
-37542,0
-36335,0
-35104,0
-33902,0
-32819,0
-31927,0
-31361,0
-31192,0
-31485,0
-32247,0
-33331,0
-34637,0
-36129,0
-37654,0
-39097,0
-40545,0
-42056,0
-43653,0
-45381,0
-47210,0
-49102,0
-50909,0
-52381,0
-53389,0
-53771,0
-53303,0
-51863,0
-49339,0
-45750,0
-41248,0
-35961,0
-30216,0
-24474,0
-19044,0
-14271,0
-10622,0
-8345,0
-7516,0
-8169,0
-10139,0
-13163,0
-16876,0
-20837,0
-24727,0
-28205,0
-30939,0
-32756,0
-33540,0
-33308,0
-32140,0
-30126,0
-27508,0
-24609,0
-21733,0
-19224,0
-17455,0
-16634,0
-16843,0
-18132,0
-20351,0
-23265,0
-26615,0
-30061,0
-33338,0
-36205,0
-38480,0
-40114,0
-41085,0
-41577,0
-41873,0
-42143,0
-42646,0
-43655,0
-45209,0
-47238,0
-49694,0
-52328,0
-54753,0
-56700,0
-57868,0
-58053,0
-57233,0
-55329,0
-52424,0
-48730,0
-44370,0
-39568,0
-34569,0
-29639,0
-25110,0
-21193,0
-18150,0
-16288,0
-15688,0
-16336,0
-18227,0
-21180,0
-24871,0
-28960,0
-33074,0
-36888,0
-40114,0
-42541,0
-44175,0
-45062,0
-45246,0
-44874,0
-44068,0
-42939,0
-41614,0
-40154,0
-38693,0
-37408,0
-36294,0
-35293,0
-34464,0
-33777,0
-33161,0
-32612,0
-32086,0
-31597,0
-31175,0
-30824,0
-30646,0
-30717,0
-31030,0
-31538,0
-32184,0
-32936,0
-33743,0
-34534,0
-35297,0
-36123,0
-36976,0
-37740,0
-38433,0
-38883,0
-38862,0
-38323,0
-37186,0
-35552,0
-33625,0
-31538,0
-29534,0
-27783,0
-26326,0
-25202,0
-24379,0
-23837,0
-23589,0
-23591,0
-23837,0
-24378,0
-25089,0
-25785,0
-26451,0
-26986,0
-27255,0
-27276,0
-27082,0
-26747,0
-26357,0
-25979,0
-25723,0
-25662,0
-25829,0
-26278,0
-27027,0
-28061,0
-29395,0
-30939,0
-32558,0
-34234,0
-35791,0
-37041,0
-38041,0
-38754,0
-39114,0
-39183,0
-39000,0
-38622,0
-38123,0
-37565,0
-37099,0
-36845,0
-36802,0
-37025,0
-37528,0
-38249,0
-39220,0
-40387,0
-41624,0
-42888,0
-44044,0
-44866,0
-45280,0
-45192,0
-44466,0
-43143,0
-41275,0
-38955,0
-36387,0
-33783,0
-31406,0
-29445,0
-28016,0
-27252,0
-27160,0
-27705,0
-28888,0
-30567,0
-32551,0
-34706,0
-36786,0
-38512,0
-39738,0
-40276,0
-39966,0
-38773,0
-36671,0
-33797,0
-30416,0
-26763,0
-23178,0
-19979,0
-17357,0
-15502,0
-14508,0
-14452,0
-15412,0
-17319,0
-20123,0
-23773,0
-27982,0
-32396,0
-36754,0
-40709,0
-43939,0
-46265,0
-47549,0
-47779,0
-46996,0
-45273,0
-42885,0
-40138,0
-37296,0
-34661,0
-32438,0
-30835,0
-30068,0
-30162,0
-31100,0
-32895,0
-35387,0
-38323,0
-41545,0
-44794,0
-47753,0
-50206,0
-51893,0
-52643,0
-52374,0
-51006,0
-48633,0
-45391,0
-41434,0
-37011,0
-32316,0
-27614,0
-23184,0
-19099,0
-15451,0
-12402,0
-9925,0
-7961,0
-6586,0
-5750,0
-5360,0
-5374,0
-5616,0
-5988,0
-6475,0
-7011,0
-7704,0
-8716,0
-10134,0
-12065,0
-14529,0
-17535,0
-21098,0
-25112,0
-29474,0
-34129,0
-38885,0
-43501,0
-47884,0
-51872,0
-55252,0
-57944,0
-59839,0
-60901,0
-61170,0
-60694,0
-59689,0
-58401,0
-57038,0
-55830,0
-54926,0
-54472,0
-54569,0
-55176,0
-56279,0
-57871,0
-59831,0
-61975,0
-64157,0
-66158,0
-67674,0
-68442,0
-68179,0
-66698,0
-63936,0
-59874,0
-54664,0
-48518,0
-41685,0
-34526,0
-27380,0
-20576,0
-14483,0
-9382,0
-5483,0
-3060,0
-2178,0
-2735,0
-4782,0
-8174,0
-12616,0
-17841,0
-23397,0
-28830,0
-33673,0
-37354,0
-39502,0
-39889,0
-38325,0
-34823,0
-29594,0
-22983,0
-15461,0
-7556,0
191,0
7218,0
13007,0
17198,0
19475,1
19624,1
17649,1
13656,1
7871,1
590,1
-7912,1
-17278,1
-27162,1
-37283,1
-47326,1
-56966,1
-65848,1
-73666,1
-80153,1
-84963,1
-87911,1
-89035,1
-88303,1
-85761,1
-81688,1
-76347,1
-69950,1
-62745,1
-54954,1
-46833,1
-38628,1
-30517,1
-22781,1
-15743,1
-9623,1
-4630,1
-922,1
1364,1
2118,1
1346,1
-990,1
-4962,1
-10489,1
-17419,1
-25591,1
-34563,1
-43654,1
-52105,1
-59074,1
-63938,1
-66303,1
-65963,1
-63154,1
-58319,1
-51872,1
-44345,1
-36298,1
-28280,1
-20875,1
-14560,1
-9794,1
-7029,1
-6451,1
-8025,1
-11678,1
-17126,1
-23873,1
-31411,1
-39149,1
-46526,1
-53069,1
-58308,1
-62016,1
-64112,1
-64501,1
-63259,1
-60454,1
-56186,1
-50728,1
-44312,1
-37248,1
-29978,1
-22830,1
-16082,1
-10052,1
-4936,1
-857,1
2010,1
3497,1
3414,1
1644,1
-1777,1
-6748,1
-13023,1
-20179,1
-27746,1
-35218,1
-42087,1
-47892,1
-52188,1
-54681,1
-55334,1
-54199,1
-51414,1
-47420,1
-42713,1
-37658,1
-32676,1
-28097,1
-24116,1
-20881,1
-18418,1
-16800,1
-16038,1
-16049,1
-16824,1
-18211,1
-20080,1
-22400,1
-24975,1
-27721,1
-30738,1
-33990,1
-37409,1
-41019,1
-44761,1
-48468,1
-51979,1
-55095,1
-57650,1
-59562,1
-60720,1
-61115,1
-60827,1
-59868,1
-58296,1
-56216,1
-53740,1
-51050,1
-48296,1
-45631,1
-43309,1
-41476,1
-40135,1
-39379,1
-39165,1
-39279,1
-39587,1
-39861,1
-39870,1
-39479,1
-38485,1
-36774,1
-34341,1
-31155,1
-27255,1
-22714,1
-17648,1
-12312,1
-6925,1
-1732,1
2861,1
6592,1
9281,1
10587,1
10297,1
8328,1
4608,1
-730,1
-7497,1
-15437,1
-24096,1
-33073,1
-41953,1
-50235,1
-57521,1
-63462,1
-67841,1
-70589,1
-71653,1
-71109,1
-69182,1
-66031,1
-61769,1
-56642,1
-50873,1
-44620,1
-38144,1
-31745,1
-25783,1
-20609,1
-16494,1
-13717,1
-12459,1
-12760,1
-14570,1
-17700,1
-21933,1
-27043,1
-32682,1
-38517,1
-44296,1
-49691,1
-54329,1
-57975,1
-60417,1
-61450,1
-61057,1
-59290,1
-56254,1
-52179,1
-47277,1
-41822,1
-36124,1
-30381,1
-24823,1
-19682,1
-15179,1
-11610,1
-9162,1
-7928,1
-8026,1
-9367,1
-11714,1
-14913,1
-18682,1
-22677,1
-26745,1
-30720,1
-34429,1
-37837,1
-40890,1
-43514,1
-45700,1
-47380,1
-48482,1
-48967,1
-48760,1
-47807,1
-46063,1
-43536,1
-40305,1
-36433,1
-31977,1
-27116,1
-22103,1
-17143,1
-12498,1
-8448,1
-5229,1
-3037,1
-1927,1
-1915,1
-2966,1
-4906,1
-7580,1
-10805,1
-14385,1
-18255,1
-22290,1
-26284,1
-30156,1
-33797,1
-37036,1
-39908,1
-42479,1
-44719,1
-46687,1
-48428,1
-49977,1
-51389,1
-52678,1
-53941,1
-55244,1
-56620,1
-58146,1
-59837,1
-61713,1
-63822,1
-66087,1
-68341,1
-70487,1
-72287,1
-73348,1
-73496,1
-72633,1
-70623,1
-67514,1
-63379,1
-58295,1
-52425,1
-45904,1
-38925,1
-31801,1
-24776,1
-18068,1
-11907,1
-6445,1
-1890,1
1632,1
4078,1
5308,1
5350,1
4401,1
2576,1
73,1
-2791,1
-5764,1
-8645,1
-11291,1
-13664,1
-15701,1
-17385,1
-18817,1
-20029,1
-21069,1
-22045,1
-23085,1
-24379,1
-26026,1
-28087,1
-30654,1
-33660,1
-36930,1
-40324,1
-43637,1
-46623,1
-49106,1
-50928,1
-51982,1
-52228,1
-51653,1
-50371,1
-48516,1
-46154,1
-43361,1
-40127,1
-36442,1
-32384,1
-28002,1
-23447,1
-18995,1
-14884,1
-11281,1
-8383,1
-6387,1
-5380,1
-5438,1
-6563,1
-8665,1
-11652,1
-15323,1
-19507,1
-24089,1
-28866,1
-33717,1
-38530,1
-43158,1
-47521,1
-51487,1
-54924,1
-57865,1
-60383,1
-62484,1
-64290,1
-65938,1
-67350,1
-68455,1
-69215,1
-69513,1
-69308,1
-68591,1
-67348,1
-65663,1
-63580,1
-61049,1
-57975,1
-54354,1
-50298,1
-45822,1
-41032,1
-36210,1
-31574,1
-27276,1
-23545,1
-20608,1
-18530,1
-17294,1
-16795,1
-16835,1
-17261,1
-17868,1
-18447,1
-18951,1
-19271,1
-19330,1
-19165,1
-18774,1
-18293,1
-17844,1
-17486,1
-17434,1
-17810,1
-18650,1
-20066,1
-22071,1
-24600,1
-27600,1
-30953,1
-34547,1
-38293,1
-42000,1
-45521,1
-48772,1
-51614,1
-53966,1
-55791,1
-57038,1
-57747,1
-57951,1
-57666,1
-56989,1
-55926,1
-54323,1
-52073,1
-49116,1
-45334,1
-40657,1
-35096,1
-28758,1
-21914,1
-14867,1
-7995,1
-1751,1
3566,1
7721,1
10638,1
12327,1
12685,1
11786,1
9674,1
6242,1
1571,1
-4162,1
-10771,1
-17897,1
-25072,1
-31861,1
-37865,1
-42812,1
-46633,1
-49326,1
-50988,1
-51824,1
-51952,1
-51481,1
-50512,1
-49076,1
-47245,1
-45091,1
-42652,1
-40089,1
-37558,1
-35072,1
-32723,1
-30601,1
-28678,1
-26987,1
-25588,1
-24560,1
-24011,1
-24007,1
-24648,1
-25966,1
-27838,1
-30133,1
-32690,1
-35315,1
-37914,1
-40416,1
-42772,1
-45038,1
-47246,1
-49315,1
-51231,1
-52964,1
-54350,1
-55323,1
-55823,1
-55805,1
-55369,1
-54605,1
-53667,1
-52735,1
-51859,1
-51065,1
-50293,1
-49392,1
-48263,1
-46767,1
-44789,1
-42429,1
-39830,1
-37084,1
-34415,1
-32070,1
-30142,1
-28686,1
-27695,1
-27076,1
-26724,1
-26483,1
-26295,1
-26211,1
-26190,1
-26202,1
-26239,1
-26223,1
-26147,1
-25972,1
-25640,1
-25195,1
-24651,1
-23948,1
-23136,1
-22351,1
-21628,1
-21034,1
-20602,1
-20269,1
-20071,1
-19965,1
-19890,1
-19903,1
-19964,1
-20027,1
-20087,1
-20090,1
-20059,1
-19994,1
-19841,1
-19721,1
-19764,1
-19973,1
-20465,1
-21349,1
-22636,1
-24381,1
-26597,1
-29237,1
-32305,1
-35736,1
-39407,1
-43251,1
-47141,1
-50906,1
-54402,1
-57465,1
-59983,1
-61890,1
-63096,1
-63637,1
-63605,1
-63000,1
-61991,1
-60750,1
-59284,1
-57688,1
-55963,1
-54063,1
-52042,1
-49837,1
-47444,1
-44948,1
-42329,1
-39612,1
-36864,1
-34109,1
-31476,1
-29073,1
-26913,1
-25112,1
-23690,1
-22478,1
-21385,1
-20301,1
-19067,1
-17611,1
-15914,1
-14083,1
-12287,1
-10621,1
-9198,1
-8150,1
-7469,1
-7116,1
-7095,1
-7337,1
-7881,1
-8786,1
-10024,1
-11689,1
-13831,1
-16350,1
-19184,1
-22277,1
-25483,1
-28680,1
-31790,1
-34706,1
-37374,1
-39715,1
-41657,1
-43233,1
-44390,1
-45126,1
-45528,1
-45603,1
-45498,1
-45373,1
-45290,1
-45373,1
-45718,1
-46320,1
-47170,1
-48289,1
-49649,1
-51218,1
-52972,1
-54872,1
-56873,1
-58818,1
-60510,1
-61811,1
-62524,1
-62445,1
-61474,1
-59565,1
-56781,1
-53234,1
-49032,1
-44404,1
-39587,1
-34717,1
-30019,1
-25754,1
-22055,1
-19049,1
-16809,1
-15340,1
-14642,1
-14621,1
-15178,1
-16234,1
-17619,1
-19208,1
-20879,1
-22456,1
-23890,1
-25111,1
-25989,1
-26518,1
-26702,1
-26474,1
-25860,1
-25000,1
-23998,1
-23003,1
-22185,1
-21621,1
-21473,1
-21761,1
-22398,1
-23483,1
-24885,1
-26595,1
-28723,1
-31021,1
-33514,1
-36224,1
-38874,1
-41430,1
-43826,1
-45868,1
-47540,1
-48801,1
-49528,1
-49785,1
-49562,1
-48800,1
-47613,1
-45940,1
-43745,1
-41137,1
-38073,1
-34609,1
-30835,1
-26824,1
-22822,1
-19002,1
-15527,1
-12632,1
-10431,1
-8958,1
-8275,1
-8459,1
-9502,1
-11374,1
-14057,1
-17471,1
-21498,1
-25925,1
-30486,1
-35024,1
-39326,1
-43186,1
-46526,1
-49214,1
-51236,1
-52609,1
-53247,1
-53253,1
-52734,1
-51680,1
-50273,1
-48737,1
-47203,1
-45875,1
-44863,1
-44211,1
-43962,1
-43931,1
-43909,1
-43818,1
-43551,1
-43002,1
-42086,1
-40845,1
-39436,1
-37880,1
-36178,1
-34446,1
-32697,1
-30874,1
-29064,1
-27423,1
-26005,1
-24883,1
-24198,1
-24012,1
-24318,1
-25015,1
-25972,1
-27126,1
-28306,1
-29324,1
-30157,1
-30759,1
-31072,1
-31111,1
-30886,1
-30424,1
-29770,1
-28927,1
-27971,1
-27104,1
-26416,1
-25990,1
-25942,1
-26241,1
-26869,1
-27757,1
-28757,1
-29829,1
-30878,1
-31832,1
-32685,1
-33365,1
-33924,1
-34426,1
-34846,1
-35280,1
-35837,1
-36489,1
-37238,1
-38155,1
-39194,1
-40281,1
-41361,1
-42315,1
-43067,0
-43528,0
-43592,0
-43302,0
-42696,0
-41781,0
-40646,0
-39360,0
-38045,0
-36834,0
-35756,0
-34864,0
-34177,0
-33586,0
-33016,0
-32471,0
-31889,0
-31255,0
-30595,0
-29901,0
-29224,0
-28572,0
-27948,0
-27439,0
-27059,0
-26825,0
-26788,0
-26904,0
-27217,0
-27798,0
-28575,0
-29573,0
-30845,0
-32272,0
-33792,0
-35415,0
-37054,0
-38649,0
-40156,0
-41509,0
-42707,0
-43709,0
-44425,0
-44869,0
-45041,0
-44926,0
-44549,0
-43865,0
-42880,0
-41598,0
-39907,0
-37826,0
-35405,0
-32581,0
-29441,0
-26165,0
-22846,0
-19586,0
-16515,0
-13741,0
-11413,0
-9658,0
-8568,0
-8296,0
-8889,0
-10282,0
-12444,0
-15257,0
-18603,0
-22382,0
-26419,0
-30605,0
-34838,0
-38912,0
-42673,0
-46030,0
-48843,0
-51018,0
-52522,0
-53360,0
-53601,0
-53347,0
-52688,0
-51742,0
-50648,0
-49419,0
-48046,0
-46557,0
-44935,0
-43193,0
-41338,0
-39461,0
-37702,0
-36093,0
-34706,0
-33661,0
-32960,0
-32566,0
-32454,0
-32546,0
-32779,0
-33097,0
-33417,0
-33752,0
-34062,0
-34242,0
-34284,0
-34087,0
-33629,0
-32959,0
-31985,0
-30770,0
-29425,0
-27948,0
-26416,0
-24946,0
-23606,0
-22482,0
-21659,0
-21198,0
-21225,0
-21767,0
-22785,0
-24332,0
-26292,0
-28523,0
-30900,0
-33165,0
-35195,0
-36894,0
-38098,0
-38822,0
-39150,0
-39072,0
-38659,0
-38081,0
-37386,0
-36627,0
-35915,0
-35279,0
-34786,0
-34488,0
-34370,0
-34488,0
-34830,0
-35334,0
-35945,0
-36544,0
-37098,0
-37608,0
-37975,0
-38208,0
-38386,0
-38444,0
-38355,0
-38203,0
-37951,0
-37583,0
-37137,0
-36612,0
-36086,0
-35564,0
-35006,0
-34484,0
-33993,0
-33499,0
-32999,0
-32442,0
-31871,0
-31304,0
-30694,0
-30113,0
-29640,0
-29233,0
-28882,0
-28686,0
-28670,0
-28832,0
-29196,0
-29709,0
-30355,0
-31066,0
-31693,0
-32221,0
-32627,0
-32876,0
-32984,0
-32935,0
-32831,0
-32744,0
-32632,0
-32566,0
-32622,0
-32786,0
-33084,0
-33621,0
-34470,0
-35658,0
-37209,0
-39068,0
-41186,0
-43447,0
-45655,0
-47724,0
-49527,0
-50918,0
-51866,0
-52296,0
-52209,0
-51638,0
-50526,0
-48900,0
-46792,0
-44151,0
-41004,0
-37467,0
-33627,0
-29594,0
-25536,0
-21589,0
-17899,0
-14605,0
-11804,0
-9612,0
-8098,0
-7293,0
-7220,0
-7850,0
-9184,0
-11183,0
-13731,0
-16742,0
-20127,0
-23685,0
-27209,0
-30606,0
-33741,0
-36508,0
-38891,0
-40826,0
-42305,0
-43307,0
-43761,0
-43731,0
-43251,0
-42343,0
-41123,0
-39669,0
-38131,0
-36670,0
-35319,0
-34163,0
-33318,0
-32746,0
-32390,0
-32310,0
-32460,0
-32755,0
-33222,0
-33815,0
-34502,0
-35265,0
-36014,0
-36714,0
-37316,0
-37774,0
-38096,0
-38265,0
-38353,0
-38437,0
-38479,0
-38474,0
-38472,0
-38417,0
-38209,0
-37892,0
-37473,0
-36922,0
-36267,0
-35470,0
-34555,0
-33539,0
-32378,0
-31147,0
-29925,0
-28717,0
-27541,0
-26419,0
-25410,0
-24563,0
-23841,0
-23229,0
-22782,0
-22432,0
-22112,0
-21937,0
-21924,0
-22099,0
-22534,0
-23161,0
-24019,0
-25117,0
-26347,0
-27730,0
-29268,0
-30888,0
-32557,0
-34203,0
-35775,0
-37278,0
-38640,0
-39799,0
-40820,0
-41648,0
-42181,0
-42524,0
-42688,0
-42641,0
-42457,0
-42135,0
-41727,0
-41283,0
-40748,0
-40182,0
-39662,0
-39192,0
-38832,0
-38602,0
-38527,0
-38657,0
-38900,0
-39189,0
-39576,0
-39955,0
-40216,0
-40435,0
-40600,0
-40658,0
-40628,0
-40451,0
-40105,0
-39581,0
-38802,0
-37813,0
-36659,0
-35328,0
-33884,0
-32361,0
-30852,0
-29472,0
-28200,0
-27073,0
-26194,0
-25526,0
-25021,0
-24773,0
-24810,0
-25123,0
-25743,0
-26621,0
-27743,0
-29090,0
-30540,0
-32097,0
-33771,0
-35450,0
-37112,0
-38693,0
-40112,0
-41382,0
-42387,0
-43075,0
-43540,0
-43735,0
-43624,0
-43321,0
-42866,0
-42278,0
-41591,0
-40773,0
-39865,0
-38909,0
-37888,0
-36914,0
-36092,0
-35436,0
-34999,0
-34798,0
-34830,0
-35083,0
-35451,0
-35819,0
-36137,0
-36300,0
-36170,0
-35778,0
-35128,0
-34181,0
-32991,0
-31558,0
-29938,0
-28191,0
-26281,0
-24295,0
-22333,0
-20429,0
-18653,0
-17018,0
-15573,0
-14411,0
-13506,0
-12876,0
-12618,0
-12711,0
-13128,0
-13979,0
-15276,0
-16958,0
-19029,0
-21389,0
-23976,0
-26738,0
-29495,0
-32207,0
-34839,0
-37262,0
-39432,0
-41288,0
-42857,0
-44202,0
-45258,0
-46045,0
-46647,0
-47045,0
-47191,0
-47137,0
-46891,0
-46401,0
-45689,0
-44718,0
-43508,0
-42139,0
-40586,0
-38942,0
-37318,0
-35728,0
-34253,0
-32919,0
-31757,0
-30841,0
-30128,0
-29633,0
-29428,0
-29453,0
-29638,0
-30029,0
-30609,0
-31325,0
-32192,0
-33166,0
-34226,0
-35365,0
-36505,0
-37686,0
-38918,0
-40099,0
-41228,0
-42226,0
-43057,0
-43804,0
-44377,0
-44749,0
-45024,0
-45126,0
-44976,0
-44636,0
-44115,0
-43375,0
-42440,0
-41305,0
-40007,0
-38632,0
-37179,0
-35730,0
-34416,0
-33254,0
-32317,0
-31665,0
-31335,0
-31376,0
-31686,0
-32205,0
-32981,0
-33893,0
-34749,0
-35496,0
-36060,0
-36348,0
-36356,0
-36041,0
-35389,0
-34446,0
-33201,0
-31730,0
-30136,0
-28428,0
-26680,0
-24919,0
-23162,0
-21504,0
-19934,0
-18470,0
-17248,0
-16301,0
-15609,0
-15276,0
-15322,0
-15710,0
-16440,0
-17377,0
-18460,0
-19692,0
-20952,0
-22244,0
-23611,0
-25004,0
-26419,0
-27845,0
-29276,0
-30715,0
-32068,0
-33276,0
-34380,0
-35320,0
-36003,0
-36469,0
-36726,0
-36788,0
-36712,0
-36522,0
-36309,0
-36123,0
-35948,0
-35874,0
-35983,0
-36296,0
-36842,0
-37609,0
-38589,0
-39789,0
-41134,0
-42552,0
-44051,0
-45539,0
-46874,0
-48097,0
-49193,0
-50103,0
-50870,0
-51445,0
-51817,0
-52035,0
-52037,0
-51821,0
-51383,0
-50638,0
-49538,0
-48031,0
-46121,0
-43889,0
-41346,0
-38536,0
-35644,0
-32737,0
-29803,0
-26993,0
-24388,0
-22006,0
-19927,0
-18170,0
-16823,0
-15930,0
-15413,0
-15313,0
-15675,0
-16451,0
-17636,0
-19158,0
-20914,0
-22857,0
-24887,0
-26951,0
-29073,0
-31170,0
-33111,0
-34913,0
-36565,0
-37977,0
-39138,0
-40018,0
-40612,0
-40981,0
-41108,0
-41032,0
-40835,0
-40500,0
-40024,0
-39421,0
-38743,0
-38066,0
-37383,0
-36695,0
-36081,0
-35540,0
-35019,0
-34592,0
-34269,0
-33960,0
-33648,0
-33296,0
-32888,0
-32444,0
-31923,0
-31366,0
-30863,0
-30450,0
-30160,0
-29975,0
-29897,0
-29979,0
-30177,0
-30430,0
-30775,0
-31134,0
-31339,0
-31416,0
-31379,0
-31167,0
-30833,0
-30377,0
-29812,0
-29203,0
-28582,0
-28065,0
-27769,0
-27721,0
-27949,0
-28437,0
-29201,0
-30274,0
-31544,0
-32916,0
-34376,0
-35812,0
-37078,0
-38130,0
-38922,0
-39359,0
-39401,0
-39046,0
-38346,0
-37382,0
-36165,0
-34792,0
-33426,0
-32120,0
-30967,0
-30053,0
-29404,0
-29083,0
-29074,0
-29317,0
-29867,0
-30718,0
-31728,0
-32879,0
-34141,0
-35402,0
-36643,0
-37808,0
-38824,0
-39676,0
-40302,0
-40685,0
-40858,0
-40819,0
-40579,0
-40156,0
-39615,0
-39039,0
-38435,0
-37823,0
-37272,0
-36790,0
-36326,0
-35918,0
-35614,0
-35392,0
-35262,0
-35205,0
-35232,0
-35390,0
-35627,0
-35955,0
-36428,0
-37021,0
-37747,0
-38564,0
-39401,0
-40239,0
-40945,0
-41414,0
-41697,0
-41756,0
-41491,0
-40958,0
-40205,0
-39218,0
-38053,0
-36758,0
-35362,0
-33919,0
-32432,0
-30933,0
-29510,0
-28207,0
-27016,0
-25906,0
-24912,0
-24085,0
-23386,0
-22830,0
-22494,0
-22350,0
-22323,0
-22452,0
-22771,0
-23224,0
-23777,0
-24369,0
-24946,0
-25485,0
-25896,0
-26151,0
-26279,0
-26229,0
-26010,0
-25690,0
-25358,0
-25118,0
-25007,0
-25041,0
-25319,0
-25863,0
-26560,0
-27425,0
-28468,0
-29591,0
-30802,0
-32118,0
-33537,0
-35047,0
-36586,0
-38149,0
-39746,0
-41310,0
-42777,0
-44068,0
-45123,0
-45971,0
-46611,0
-47004,0
-47228,0
-47306,0
-47152,0
-46850,0
-46454,0
-45907,0
-45250,0
-44448,0
-43468,0
-42386,0
-41173,0
-39840,0
-38482,0
-37105,0
-35753,0
-34460,0
-33267,0
-32265,0
-31388,0
-30599,0
-29993,0
-29524,0
-29085,0
-28713,0
-28439,0
-28195,0
-27991,0
-27853,0
-27782,0
-27813,0
-27906,0
-28060,0
-28360,0
-28822,0
-29475,0
-30334,0
-31375,0
-32613,0
-33994,0
-35447,0
-36981,0
-38515,0
-39864,0
-40984,0
-41862,0
-42406,0
-42620,0
-42487,0
-41987,0
-41201,0
-40121,0
-38791,0
-37349,0
-35828,0
-34278,0
-32755,0
-31332,0
-30147,0
-29186,0
-28426,0
-27961,0
-27765,0
-27747,0
-27930,0
-28324,0
-28857,0
-29459,0
-30068,0
-30658,0
-31225,0
-31719,0
-32096,0
-32343,0
-32437,0
-32387,0
-32202,0
-31877,0
-31466,0
-30961,0
-30334,0
-29701,0
-29088,0
-28397,0
-27691,0
-27050,0
-26467,0
-26016,0
-25716,0
-25540,0
-25566,0
-25766,0
-26110,0
-26691,0
-27459,0
-28338,0
-29306,0
-30328,0
-31436,0
-32592,0
-33741,0
-34967,0
-36249,0
-37474,0
-38695,0
-39937,0
-41110,0
-42180,0
-43112,0
-43906,0
-44560,0
-44995,0
-45196,0
-45192,0
-44957,0
-44504,0
-43861,0
-43058,0
-42160,0
-41194,0
-40187,0
-39257,0
-38463,0
-37741,0
-37139,0
-36728,0
-36449,0
-36304,0
-36266,0
-36277,0
-36350,0
-36394,0
-36349,0
-36275,0
-36103,0
-35764,0
-35252,0
-34534,0
-33676,0
-32700,0
-31576,0
-30392,0
-29185,0
-27899,0
-26636,0
-25513,0
-24516,0
-23723,0
-23171,0
-22842,0
-22796,0
-23005,0
-23444,0
-24158,0
-25067,0
-26100,0
-27228,0
-28393,0
-29568,0
-30692,0
-31679,0
-32545,0
-33296,0
-33808,0
-34089,0
-34196,0
-34071,0
-33783,0
-33401,0
-32957,0
-32538,0
-32131,0
-31770,0
-31558,0
-31480,0
-31534,0
-31734,0
-32040,0
-32460,0
-32975,0
-33519,0
-34125,0
-34787,0
-35380,0
-35899,0
-36402,0
-36824,0
-37171,0
-37487,0
-37759,0
-38061,0
-38404,0
-38768,0
-39244,0
-39805,0
-40419,0
-41084,0
-41740,0
-42397,0
-43006,0
-43477,0
-43849,0
-44148,0
-44305,0
-44354,0
-44379,0
-44323,0
-44199,0
-44049,0
-43841,0
-43581,0
-43173,0
-42542,0
-41764,0
-40830,0
-39736,0
-38513,0
-37172,0
-35771,0
-34298,0
-32739,0
-31194,0
-29702,0
-28203,0
-26775,0
-25543,0
-24479,0
-23606,0
-22933,0
-22405,0
-22040,0
-21794,0
-21637,0
-21609,0
-21674,0
-21799,0
-21972,0
-22172,0
-22406,0
-22652,0
-22861,0
-23061,0
-23262,0
-23386,0
-23487,0
-23677,0
-23922,0
-24239,0
-24662,0
-25165,0
-25763,0
-26406,0
-27041,0
-27723,0
-28427,0
-29110,0
-29783,0
-30415,0
-31028,0
-31617,0
-32174,0
-32810,0
-33558,0
-34342,0
-35207,0
-36208,0
-37266,0
-38344,0
-39407,0
-40401,0
-41329,0
-42128,0
-42807,0
-43453,0
-44050,0
-44589,0
-45040,0
-45392,0
-45681,0
-45881,0
-45964,0
-45956,0
-45900,0
-45737,0
-45472,0
-45208,0
-44896,0
-44503,0
-44038,0
-43469,0
-42801,0
-41991,0
-41010,0
-39906,0
-38689,0
-37380,0
-36010,0
-34578,0
-33137,0
-31727,0
-30338,0
-29064,0
-27985,0
-27032,0
-26246,0
-25726,0
-25420,0
-25330,0
-25463,0
-25774,0
-26248,0
-26816,0
-27462,0
-28230,0
-29091,0
-29986,0
-30869,0
-31707,0
-32482,0
-33138,0
-33609,0
-33930,0
-34122,0
-34088,0
-33880,0
-33616,0
-33283,0
-32938,0
-32614,0
-32286,0
-31999,0
-31749,0
-31528,0
-31400,0
-31375,0
-31444,0
-31613,0
-31866,0
-32203,0
-32594,0
-32955,0
-33302,0
-33665,0
-33964,0
-34224,0
-34514,0
-34785,0
-35076,0
-35402,0
-35710,0
-36022,0
-36276,0
-36431,0
-36551,0
-36649,0
-36735,0
-36816,0
-36880,0
-36956,0
-37043,0
-37102,0
-37175,0
-37295,0
-37378,0
-37436,0
-37545,0
-37666,0
-37752,0
-37785,0
-37706,0
-37465,0
-37020,0
-36325,0
-35426,0
-34368,0
-33161,0
-31886,0
-30597,0
-29351,0
-28210,0
-27168,0
-26322,0
-25771,0
-25432,0
-25329,0
-25549,0
-25998,0
-26598,0
-27322,0
-28096,0
-28854,0
-29521,0
-30030,0
-30393,0
-30604,0
-30641,0
-30551,0
-30359,0
-30124,0
-29926,0
-29762,0
-29735,0
-29942,0
-30262,0
-30695,0
-31337,0
-32110,0
-32948,0
-33837,0
-34722,0
-35578,0
-36364,0
-37041,0
-37626,0
-38068,0
-38327,0
-38404,0
-38275,0
-37997,0
-37609,0
-37112,0
-36569,0
-36022,0
-35427,0
-34808,0
-34256,0
-33732,0
-33221,0
-32789,0
-32420,0
-32151,0
-31992,0
-31908,0
-31970,0
-32148,0
-32405,0
-32779,0
-33217,0
-33747,0
-34372,0
-35017,0
-35735,0
-36528,0
-37256,0
